150
(39, 70, 1)
(29, 44, 2)
(52, 98, 3)
(15, 30, 4)
(56, 101, 5)
(19, 91, 6)
(76, 88, 7)
(42, 88, 8)
(5, 84, 9)
(86, 129, 10)
(15, 143, 11)
(85, 87, 12)
(32, 77, 13)
(71, 100, 14)
(18, 112, 15)
(95, 98, 16)
(8, 38, 17)
(99, 103, 18)
(47, 124, 19)
(51, 121, 20)
(17, 57, 21)
(108, 126, 22)
(71, 138, 23)
(37, 54, 24)
(108, 141, 25)
(3, 11, 26)
(23, 84, 27)
(140, 144, 28)
(70, 81, 29)
(22, 148, 30)
(16, 29, 31)
(73, 92, 32)
(2, 64, 33)
(59, 145, 34)
(117, 139, 35)
(12, 41, 36)
(45, 47, 37)
(83, 132, 38)
(31, 108, 39)
(35, 105, 40)
(55, 122, 41)
(59, 127, 42)
(120, 127, 43)
(49, 133, 44)
(1, 58, 45)
(21, 55, 46)
(115, 132, 47)
(44, 120, 48)
(48, 123, 49)
(105, 126, 50)
(68, 118, 51)
(81, 133, 52)
(7, 149, 53)
(10, 139, 54)
(20, 96, 55)
(24, 99, 56)
(30, 89, 57)
(24, 146, 58)
(87, 137, 59)
(39, 106, 60)
(80, 89, 61)
(43, 111, 62)
(63, 96, 63)
(29, 48, 64)
(5, 39, 65)
(9, 60, 66)
(52, 70, 67)
(109, 115, 68)
(19, 119, 69)
(76, 124, 70)
(42, 60, 71)
(5, 72, 72)
(4, 112, 73)
(8, 115, 74)
(109, 149, 75)
(4, 7, 76)
(99, 131, 77)
(37, 89, 78)
(51, 85, 79)
(17, 37, 80)
(23, 120, 81)
(64, 119, 82)
(84, 122, 83)
(50, 54, 84)
(26, 63, 85)
(12, 126, 86)
(50, 137, 87)
(73, 120, 88)
(36, 116, 89)
(93, 101, 90)
(2, 36, 91)
(22, 35, 92)
(97, 98, 93)
(103, 140, 94)
(25, 110, 95)
(72, 143, 96)
(55, 94, 97)
(48, 136, 98)
(96, 132, 99)
(7, 104, 100)
(48, 103, 101)
(11, 109, 102)
(128, 143, 103)
(30, 42, 104)
(34, 57, 105)
(0, 73, 106)
(77, 117, 107)
(6, 51, 108)
(101, 127, 109)
(43, 58, 110)
(53, 109, 111)
(110, 118, 112)
(15, 33, 113)
(5, 27, 114)
(9, 88, 115)
(29, 133, 116)
(86, 94, 117)
(52, 90, 118)
(15, 86, 119)
(76, 96, 120)
(132, 146, 121)
(66, 138, 122)
(75, 88, 123)
(38, 44, 124)
(4, 84, 125)
(65, 66, 126)
(51, 147, 127)
(37, 125, 128)
(4, 138, 129)
(98, 125, 130)
(118, 120, 131)
(47, 52, 132)
(3, 50, 133)
(41, 139, 134)
(23, 47, 135)
(13, 85, 136)
(64, 83, 137)
(79, 101, 138)
(46, 86, 139)
(12, 98, 140)
(36, 104, 141)
(35, 80, 142)
(25, 74, 143)
(82, 109, 144)
(45, 136, 145)
(11, 56, 146)
(54, 126, 147)
(58, 117, 148)
(115, 124, 149)
(7, 76, 150)
(6, 140, 151)
(10, 67, 152)
(34, 93, 153)
(24, 91, 154)
(6, 31, 155)
(81, 94, 156)
(20, 143, 157)
(39, 93, 158)
(53, 65, 159)
(39, 50, 160)
(56, 74, 161)
(9, 116, 162)
(137, 143, 163)
(66, 127, 164)
(89, 134, 165)
(56, 57, 166)
(28, 39, 167)
(14, 118, 168)
(4, 72, 169)
(42, 135, 170)
(28, 86, 171)
(32, 145, 172)
(47, 91, 173)
(41, 86, 174)
(61, 139, 175)
(60, 69, 176)
(50, 111, 177)
(74, 121, 178)
(22, 137, 179)
(70, 133, 180)
(79, 121, 181)
(36, 140, 182)
(102, 133, 183)
(35, 76, 184)
(45, 91, 185)
(68, 140, 186)
(116, 144, 187)
(72, 86, 188)
(10, 148, 189)
(0, 49, 190)
(20, 60, 191)
(111, 125, 192)
(39, 65, 193)
(80, 126, 194)
(100, 113, 195)
(29, 43, 196)
(104, 116, 197)
(104, 131, 198)
(56, 102, 199)
(38, 138, 200)
(76, 89, 201)
(42, 89, 202)
(66, 67, 203)
(18, 113, 204)
(4, 44, 205)
(95, 109, 206)
(47, 142, 207)
(84, 129, 208)
(47, 127, 209)
(17, 56, 210)
(108, 127, 211)
(37, 134, 212)
(23, 87, 213)
(140, 145, 214)
(70, 86, 215)
(22, 149, 216)
(12, 91, 217)
(36, 81, 218)
(2, 65, 219)
(79, 93, 220)
(26, 75, 221)
(103, 107, 222)
(31, 111, 223)
(72, 148, 224)
(35, 104, 225)
(1, 136, 226)
(1, 57, 227)
(21, 54, 228)
(115, 135, 229)
(11, 64, 230)
(105, 125, 231)
(0, 110, 232)
(77, 80, 233)
(6, 84, 234)
(63, 141, 235)
(10, 27, 236)
(91, 92, 237)
(0, 29, 238)
(39, 148, 239)
(33, 91, 240)
(87, 136, 241)
(5, 149, 242)
(56, 147, 243)
(119, 136, 244)
(52, 71, 245)
(109, 114, 246)
(113, 119, 247)
(76, 125, 248)
(62, 139, 249)
(65, 101, 250)
(14, 46, 251)
(109, 148, 252)
(37, 88, 253)
(94, 139, 254)
(61, 66, 255)
(27, 94, 256)
(51, 84, 257)
(40, 82, 258)
(97, 135, 259)
(84, 123, 260)
(26, 60, 261)
(50, 134, 262)
(69, 122, 263)
(93, 100, 264)
(103, 143, 265)
(16, 137, 266)
(49, 87, 267)
(31, 67, 268)
(48, 137, 269)
(11, 31, 270)
(21, 74, 271)
(96, 133, 272)
(44, 93, 273)
(11, 108, 274)
(72, 110, 275)
(30, 43, 276)
(34, 54, 277)
(0, 74, 278)
(77, 116, 279)
(24, 64, 280)
(6, 48, 281)
(81, 113, 282)
(10, 63, 283)
(110, 132, 284)
(33, 103, 285)
(90, 112, 286)
(43, 74, 287)
(9, 95, 288)
(137, 146, 289)
(29, 132, 290)
(52, 91, 291)
(15, 81, 292)
(19, 146, 293)
(132, 147, 294)
(18, 38, 295)
(28, 115, 296)
(122, 146, 297)
(32, 118, 298)
(98, 139, 299)
(94, 103, 300)
(118, 121, 301)
(47, 55, 302)
(112, 130, 303)
(3, 53, 304)
(40, 78, 305)
(3, 66, 306)
(79, 100, 307)
(12, 99, 308)
(16, 102, 309)
(126, 129, 310)
(31, 39, 311)
(58, 114, 312)
(115, 127, 313)
(11, 136, 314)
(68, 79, 315)
(6, 141, 316)
(67, 113, 317)
(34, 90, 318)
(20, 136, 319)
(29, 70, 320)
(57, 133, 321)
(56, 75, 322)
(62, 97, 323)
(89, 133, 324)
(52, 63, 325)
(28, 32, 326)
(32, 35, 327)
(14, 119, 328)
(113, 136, 329)
(38, 73, 330)
(42, 132, 331)
(27, 105, 332)
(47, 90, 333)
(88, 105, 334)
(17, 83, 335)
(64, 146, 336)
(23, 50, 337)
(50, 108, 338)
(93, 138, 339)
(40, 42, 340)
(79, 120, 341)
(46, 115, 342)
(16, 66, 343)
(92, 100, 344)
(96, 111, 345)
(59, 85, 346)
(25, 37, 347)
(45, 90, 348)
(116, 145, 349)
(48, 81, 350)
(72, 87, 351)
(92, 138, 352)
(1, 77, 353)
(10, 100, 354)
(67, 109, 355)
(91, 115, 356)
(0, 50, 357)
(111, 124, 358)
(39, 64, 359)
(100, 114, 360)
(63, 78, 361)
(104, 117, 362)
(67, 139, 363)
(104, 132, 364)
(5, 82, 365)
(15, 137, 366)
(8, 89, 367)
(71, 102, 368)
(18, 110, 369)
(75, 99, 370)
(4, 45, 371)
(95, 108, 372)
(8, 40, 373)
(27, 117, 374)
(108, 143, 375)
(84, 96, 376)
(140, 146, 377)
(16, 31, 378)
(26, 72, 379)
(83, 134, 380)
(72, 149, 381)
(35, 107, 382)
(48, 125, 383)
(11, 67, 384)
(105, 124, 385)
(0, 111, 386)
(20, 98, 387)
(24, 101, 388)
(91, 95, 389)
(0, 30, 390)
(111, 144, 391)
(24, 148, 392)
(87, 139, 393)
(143, 149, 394)
(57, 76, 395)
(39, 100, 396)
(43, 97, 397)
(63, 98, 398)
(56, 148, 399)
(9, 34, 400)
(52, 64, 401)
(19, 121, 402)
(113, 118, 403)
(76, 126, 404)
(8, 117, 405)
(85, 105, 406)
(32, 107, 407)
(89, 110, 408)
(109, 147, 409)
(18, 82, 410)
(37, 71, 411)
(61, 65, 412)
(51, 87, 413)
(17, 27, 414)
(37, 40, 415)
(97, 134, 416)
(23, 122, 417)
(26, 138, 418)
(64, 73, 419)
(50, 52, 420)
(26, 61, 421)
(46, 56, 422)
(12, 120, 423)
(73, 126, 424)
(93, 99, 425)
(2, 34, 426)
(22, 33, 427)
(25, 108, 428)
(135, 147, 429)
(11, 30, 430)
(21, 73, 431)
(25, 142, 432)
(7, 106, 433)
(68, 84, 434)
(128, 129, 435)
(110, 133, 436)
(29, 97, 437)
(33, 102, 438)
(57, 104, 439)
(15, 35, 440)
(86, 92, 441)
(18, 148, 442)
(66, 136, 443)
(18, 39, 444)
(28, 76, 445)
(122, 147, 446)
(51, 149, 447)
(98, 136, 448)
(27, 140, 449)
(94, 100, 450)
(27, 61, 451)
(118, 126, 452)
(112, 131, 453)
(3, 52, 454)
(23, 41, 455)
(107, 120, 456)
(3, 69, 457)
(73, 137, 458)
(83, 96, 459)
(46, 84, 460)
(69, 93, 461)
(126, 134, 462)
(2, 6, 463)
(31, 145, 464)
(79, 133, 465)
(82, 107, 466)
(102, 110, 467)
(49, 114, 468)
(7, 57, 469)
(45, 134, 470)
(1, 96, 471)
(58, 115, 472)
(21, 109, 473)
(78, 118, 474)
(67, 112, 475)
(87, 109, 476)
(34, 91, 477)
(114, 141, 478)
(24, 93, 479)
(43, 139, 480)
(39, 95, 481)
(53, 79, 482)
(39, 44, 483)
(123, 135, 484)
(56, 76, 485)
(19, 64, 486)
(66, 125, 487)
(89, 132, 488)
(32, 36, 489)
(14, 116, 490)
(42, 133, 491)
(8, 13, 492)
(145, 148, 493)
(27, 104, 494)
(47, 101, 495)
(13, 149, 496)
(17, 82, 497)
(61, 137, 498)
(64, 147, 499)
(23, 77, 500)
(50, 109, 501)
(88, 136, 502)
(74, 103, 503)
(40, 43, 504)
(22, 143, 505)
(16, 52, 506)
(36, 63, 507)
(2, 123, 508)
(22, 126, 509)
(16, 67, 510)
(36, 142, 511)
(139, 143, 512)
(35, 78, 513)
(45, 89, 514)
(116, 146, 515)
(48, 82, 516)
(72, 88, 517)
(54, 88, 518)
(1, 76, 519)
(148, 149, 520)
(20, 79, 521)
(6, 110, 522)
(20, 62, 523)
(90, 134, 524)
(104, 118, 525)
(104, 133, 526)
(52, 109, 527)
(56, 104, 528)
(76, 91, 529)
(42, 71, 530)
(86, 132, 531)
(32, 64, 532)
(14, 80, 533)
(71, 97, 534)
(4, 46, 535)
(8, 41, 536)
(118, 132, 537)
(47, 136, 538)
(51, 122, 539)
(17, 62, 540)
(71, 135, 541)
(108, 121, 542)
(37, 132, 543)
(3, 12, 544)
(140, 147, 545)
(12, 85, 546)
(69, 132, 547)
(36, 83, 548)
(2, 95, 549)
(59, 146, 550)
(79, 95, 551)
(117, 136, 552)
(31, 105, 553)
(1, 142, 554)
(48, 126, 555)
(11, 66, 556)
(68, 113, 557)
(10, 25, 558)
(30, 92, 559)
(0, 31, 560)
(91, 94, 561)
(111, 147, 562)
(33, 89, 563)
(87, 138, 564)
(143, 148, 565)
(39, 103, 566)
(43, 96, 567)
(53, 135, 568)
(56, 149, 569)
(5, 36, 570)
(9, 33, 571)
(109, 112, 572)
(19, 120, 573)
(76, 127, 574)
(85, 135, 575)
(85, 104, 576)
(109, 146, 577)
(99, 132, 578)
(142, 144, 579)
(94, 137, 580)
(61, 64, 581)
(13, 46, 582)
(97, 133, 583)
(23, 117, 584)
(26, 139, 585)
(64, 74, 586)
(50, 53, 587)
(26, 58, 588)
(12, 121, 589)
(50, 132, 590)
(2, 35, 591)
(93, 98, 592)
(22, 38, 593)
(16, 139, 594)
(82, 132, 595)
(135, 146, 596)
(49, 85, 597)
(55, 91, 598)
(25, 28, 599)
(11, 17, 600)
(1, 27, 601)
(58, 92, 602)
(25, 141, 603)
(68, 85, 604)
(128, 130, 605)
(34, 52, 606)
(0, 76, 607)
(77, 114, 608)
(81, 119, 609)
(101, 124, 610)
(10, 61, 611)
(110, 138, 612)
(43, 63, 613)
(134, 138, 614)
(33, 101, 615)
(90, 126, 616)
(124, 145, 617)
(29, 130, 618)
(86, 93, 619)
(18, 149, 620)
(66, 137, 621)
(75, 93, 622)
(8, 18, 623)
(65, 71, 624)
(32, 136, 625)
(51, 148, 626)
(47, 64, 627)
(94, 101, 628)
(41, 127, 629)
(61, 100, 630)
(64, 136, 631)
(27, 60, 632)
(47, 49, 633)
(112, 132, 634)
(3, 55, 635)
(41, 136, 636)
(23, 40, 637)
(40, 48, 638)
(22, 83, 639)
(79, 102, 640)
(12, 29, 641)
(69, 92, 642)
(126, 135, 643)
(36, 107, 644)
(2, 7, 645)
(31, 144, 646)
(35, 85, 647)
(21, 138, 648)
(79, 132, 649)
(82, 104, 650)
(102, 111, 651)
(31, 33, 652)
(45, 133, 653)
(54, 125, 654)
(1, 103, 655)
(11, 138, 656)
(68, 73, 657)
(77, 133, 658)
(6, 131, 659)
(67, 115, 660)
(91, 105, 661)
(114, 138, 662)
(43, 138, 663)
(63, 84, 664)
(57, 139, 665)
(123, 134, 666)
(52, 138, 667)
(42, 96, 668)
(62, 103, 669)
(9, 121, 670)
(89, 139, 671)
(52, 57, 672)
(28, 34, 673)
(8, 14, 674)
(32, 148, 675)
(27, 107, 676)
(47, 100, 677)
(51, 97, 678)
(41, 91, 679)
(64, 148, 680)
(3, 19, 681)
(23, 76, 682)
(74, 100, 683)
(22, 140, 684)
(2, 120, 685)
(22, 127, 686)
(79, 122, 687)
(46, 113, 688)
(36, 143, 689)
(92, 102, 690)
(96, 97, 691)
(59, 87, 692)
(68, 143, 693)
(116, 147, 694)
(44, 144, 695)
(7, 28, 696)
(48, 83, 697)
(11, 89, 698)
(1, 67, 699)
(78, 83, 700)
(20, 72, 701)
(58, 135, 702)
(6, 111, 703)
(67, 111, 704)
(20, 63, 705)
(111, 126, 706)
(138, 142, 707)
(90, 135, 708)
(33, 45, 709)
(52, 110, 710)
(15, 26, 711)
(66, 94, 712)
(15, 139, 713)
(62, 146, 714)
(75, 101, 715)
(38, 107, 716)
(95, 110, 717)
(4, 47, 718)
(8, 42, 719)
(99, 107, 720)
(84, 140, 721)
(17, 61, 722)
(108, 122, 723)
(37, 50, 724)
(108, 137, 725)
(37, 131, 726)
(40, 121, 727)
(60, 100, 728)
(64, 111, 729)
(84, 98, 730)
(70, 85, 731)
(12, 86, 732)
(69, 131, 733)
(2, 92, 734)
(22, 27, 735)
(26, 86, 736)
(31, 104, 737)
(1, 141, 738)
(55, 118, 739)
(1, 62, 740)
(115, 136, 741)
(48, 127, 742)
(11, 69, 743)
(129, 146, 744)
(30, 50, 745)
(20, 108, 746)
(111, 146, 747)
(33, 88, 748)
(39, 102, 749)
(5, 146, 750)
(80, 93, 751)
(63, 108, 752)
(124, 142, 753)
(53, 134, 754)
(5, 35, 755)
(119, 133, 756)
(113, 116, 757)
(85, 134, 758)
(14, 130, 759)
(4, 124, 760)
(8, 119, 761)
(62, 142, 762)
(65, 122, 763)
(28, 106, 764)
(14, 45, 765)
(99, 135, 766)
(27, 83, 767)
(51, 89, 768)
(17, 25, 769)
(41, 147, 770)
(3, 107, 771)
(23, 116, 772)
(73, 147, 773)
(26, 59, 774)
(46, 62, 775)
(12, 122, 776)
(50, 133, 777)
(2, 32, 778)
(93, 97, 779)
(103, 136, 780)
(25, 114, 781)
(82, 133, 782)
(31, 76, 783)
(55, 90, 784)
(21, 87, 785)
(44, 88, 786)
(30, 46, 787)
(0, 77, 788)
(81, 118, 789)
(43, 62, 790)
(29, 127, 791)
(33, 100, 792)
(53, 105, 793)
(110, 122, 794)
(9, 92, 795)
(29, 129, 796)
(18, 146, 797)
(8, 19, 798)
(65, 70, 799)
(122, 145, 800)
(32, 137, 801)
(94, 106, 802)
(47, 48, 803)
(41, 143, 804)
(13, 81, 805)
(40, 49, 806)
(64, 87, 807)
(73, 143, 808)
(2, 149, 809)
(22, 80, 810)
(12, 30, 811)
(36, 148, 812)
(35, 84, 813)
(59, 74, 814)
(25, 78, 815)
(45, 115, 816)
(102, 108, 817)
(49, 112, 818)
(68, 148, 819)
(31, 32, 820)
(45, 132, 821)
(7, 72, 822)
(68, 74, 823)
(6, 128, 824)
(67, 114, 825)
(91, 104, 826)
(20, 36, 827)
(114, 139, 828)
(29, 67, 829)
(53, 77, 830)
(52, 139, 831)
(5, 123, 832)
(66, 123, 833)
(86, 126, 834)
(89, 138, 835)
(28, 35, 836)
(32, 38, 837)
(14, 122, 838)
(4, 52, 839)
(8, 15, 840)
(32, 149, 841)
(13, 147, 842)
(51, 96, 843)
(88, 108, 844)
(17, 80, 845)
(50, 107, 846)
(74, 101, 847)
(22, 141, 848)
(22, 124, 849)
(83, 126, 850)
(46, 118, 851)
(36, 136, 852)
(12, 145, 853)
(31, 119, 854)
(59, 86, 855)
(25, 42, 856)
(45, 87, 857)
(21, 30, 858)
(11, 88, 859)
(54, 94, 860)
(92, 133, 861)
(10, 144, 862)
(30, 102, 863)
(87, 115, 864)
(20, 56, 865)
(39, 125, 866)
(63, 75, 867)
(29, 39, 868)
(33, 44, 869)
(104, 135, 870)
(56, 106, 871)
(38, 142, 872)
(76, 85, 873)
(42, 69, 874)
(80, 144, 875)
(32, 66, 876)
(71, 99, 877)
(95, 105, 878)
(8, 43, 879)
(99, 106, 880)
(27, 118, 881)
(17, 60, 882)
(71, 129, 883)
(112, 126, 884)
(37, 130, 885)
(3, 14, 886)
(23, 83, 887)
(84, 99, 888)
(26, 36, 889)
(22, 24, 890)
(26, 87, 891)
(12, 38, 892)
(83, 139, 893)
(31, 107, 894)
(1, 61, 895)
(44, 117, 896)
(125, 126, 897)
(54, 58, 898)
(30, 51, 899)
(20, 109, 900)
(63, 137, 901)
(67, 74, 902)
(30, 66, 903)
(39, 144, 904)
(0, 128, 905)
(57, 81, 906)
(39, 97, 907)
(53, 133, 908)
(9, 39, 909)
(119, 132, 910)
(76, 121, 911)
(85, 133, 912)
(4, 125, 913)
(8, 120, 914)
(65, 121, 915)
(28, 107, 916)
(18, 81, 917)
(99, 134, 918)
(37, 68, 919)
(75, 145, 920)
(27, 82, 921)
(17, 24, 922)
(41, 146, 923)
(40, 86, 924)
(64, 76, 925)
(73, 146, 926)
(2, 142, 927)
(69, 102, 928)
(73, 99, 929)
(36, 113, 930)
(2, 33, 931)
(97, 101, 932)
(103, 139, 933)
(25, 113, 934)
(135, 140, 935)
(31, 79, 936)
(58, 90, 937)
(25, 147, 938)
(44, 89, 939)
(11, 96, 940)
(68, 87, 941)
(128, 132, 942)
(0, 78, 943)
(24, 68, 944)
(6, 52, 945)
(101, 122, 946)
(10, 59, 947)
(43, 49, 948)
(33, 123, 949)
(90, 124, 950)
(53, 104, 951)
(110, 123, 952)
(57, 109, 953)
(43, 78, 954)
(15, 44, 955)
(62, 73, 956)
(29, 128, 957)
(18, 147, 958)
(66, 135, 959)
(8, 20, 960)
(65, 69, 961)
(28, 79, 962)
(27, 129, 963)
(47, 66, 964)
(41, 125, 965)
(64, 138, 966)
(47, 51, 967)
(112, 134, 968)
(41, 142, 969)
(13, 80, 970)
(74, 78, 971)
(40, 50, 972)
(3, 70, 973)
(73, 142, 974)
(22, 81, 975)
(79, 96, 976)
(26, 28, 977)
(126, 133, 978)
(102, 146, 979)
(59, 77, 980)
(25, 77, 981)
(82, 102, 982)
(45, 114, 983)
(49, 119, 984)
(31, 35, 985)
(7, 58, 986)
(11, 63, 987)
(54, 115, 988)
(21, 106, 989)
(78, 117, 990)
(44, 61, 991)
(48, 56, 992)
(77, 131, 993)
(10, 76, 994)
(0, 42, 995)
(20, 37, 996)
(114, 136, 997)
(43, 140, 998)
(6, 16, 999)
(20, 148, 1000)
(39, 88, 1001)
(57, 137, 1002)
(19, 69, 1003)
(62, 101, 1004)
(9, 127, 1005)
(66, 120, 1006)
(89, 137, 1007)
(32, 39, 1008)
(14, 123, 1009)
(8, 48, 1010)
(95, 133, 1011)
(13, 146, 1012)
(61, 134, 1013)
(127, 133, 1014)
(3, 21, 1015)
(23, 78, 1016)
(50, 104, 1017)
(88, 139, 1018)
(70, 111, 1019)
(74, 98, 1020)
(40, 46, 1021)
(22, 130, 1022)
(16, 55, 1023)
(2, 118, 1024)
(59, 139, 1025)
(12, 146, 1026)
(55, 108, 1027)
(96, 99, 1028)
(59, 105, 1029)
(68, 137, 1030)
(48, 85, 1031)
(72, 91, 1032)
(54, 95, 1033)
(1, 65, 1034)
(92, 134, 1035)
(78, 81, 1036)
(81, 147, 1037)
(20, 74, 1038)
(10, 96, 1039)
(67, 81, 1040)
(111, 120, 1041)
(90, 133, 1042)
(39, 124, 1043)
(80, 115, 1044)
(100, 126, 1045)
(67, 143, 1046)
(52, 104, 1047)
(19, 97, 1048)
(42, 66, 1049)
(66, 92, 1050)
(8, 93, 1051)
(62, 144, 1052)
(32, 67, 1053)
(71, 98, 1054)
(75, 103, 1055)
(95, 104, 1056)
(99, 109, 1057)
(47, 149, 1058)
(84, 142, 1059)
(17, 51, 1060)
(37, 48, 1061)
(40, 123, 1062)
(23, 82, 1063)
(64, 97, 1064)
(26, 37, 1065)
(12, 80, 1066)
(2, 90, 1067)
(22, 25, 1068)
(12, 39, 1069)
(31, 106, 1070)
(35, 111, 1071)
(120, 133, 1072)
(1, 60, 1073)
(21, 49, 1074)
(44, 118, 1075)
(48, 113, 1076)
(11, 71, 1077)
(72, 119, 1078)
(54, 59, 1079)
(129, 144, 1080)
(7, 147, 1081)
(34, 47, 1082)
(20, 110, 1083)
(67, 77, 1084)
(30, 67, 1085)
(0, 18, 1086)
(39, 147, 1087)
(33, 94, 1088)
(143, 145, 1089)
(80, 95, 1090)
(124, 136, 1091)
(53, 132, 1092)
(62, 82, 1093)
(9, 38, 1094)
(52, 76, 1095)
(85, 132, 1096)
(18, 63, 1097)
(4, 126, 1098)
(8, 121, 1099)
(14, 51, 1100)
(18, 78, 1101)
(94, 140, 1102)
(61, 93, 1103)
(17, 31, 1104)
(13, 43, 1105)
(107, 144, 1106)
(40, 87, 1107)
(64, 77, 1108)
(12, 116, 1109)
(36, 114, 1110)
(97, 100, 1111)
(25, 112, 1112)
(49, 74, 1113)
(48, 142, 1114)
(1, 24, 1115)
(58, 91, 1116)
(21, 85, 1117)
(25, 146, 1118)
(44, 90, 1119)
(7, 102, 1120)
(11, 99, 1121)
(68, 80, 1122)
(34, 51, 1123)
(24, 69, 1124)
(81, 116, 1125)
(101, 121, 1126)
(43, 48, 1127)
(29, 125, 1128)
(33, 122, 1129)
(15, 47, 1130)
(9, 66, 1131)
(15, 92, 1132)
(8, 21, 1133)
(28, 72, 1134)
(32, 139, 1135)
(47, 77, 1136)
(17, 106, 1137)
(94, 104, 1138)
(41, 124, 1139)
(61, 97, 1140)
(27, 49, 1141)
(13, 79, 1142)
(3, 73, 1143)
(26, 29, 1144)
(69, 89, 1145)
(16, 91, 1146)
(126, 138, 1147)
(35, 86, 1148)
(59, 76, 1149)
(25, 76, 1150)
(45, 113, 1151)
(49, 118, 1152)
(31, 34, 1153)
(35, 39, 1154)
(45, 130, 1155)
(1, 100, 1156)
(21, 105, 1157)
(78, 122, 1158)
(7, 74, 1159)
(48, 57, 1160)
(11, 143, 1161)
(6, 134, 1162)
(87, 105, 1163)
(34, 87, 1164)
(54, 146, 1165)
(20, 38, 1166)
(20, 149, 1167)
(39, 91, 1168)
(29, 65, 1169)
(67, 146, 1170)
(53, 75, 1171)
(57, 136, 1172)
(39, 40, 1173)
(42, 111, 1174)
(5, 121, 1175)
(9, 126, 1176)
(28, 61, 1177)
(32, 56, 1178)
(75, 122, 1179)
(8, 128, 1180)
(27, 108, 1181)
(13, 145, 1182)
(88, 110, 1183)
(17, 86, 1184)
(41, 88, 1185)
(61, 133, 1186)
(40, 128, 1187)
(60, 67, 1188)
(13, 115, 1189)
(74, 99, 1190)
(93, 133, 1191)
(40, 47, 1192)
(22, 131, 1193)
(16, 40, 1194)
(36, 59, 1195)
(2, 119, 1196)
(46, 116, 1197)
(16, 71, 1198)
(12, 147, 1199)
(31, 113, 1200)
(92, 97, 1201)
(96, 100, 1202)
(59, 104, 1203)
(25, 40, 1204)
(49, 146, 1205)
(44, 147, 1206)
(11, 90, 1207)
(72, 92, 1208)
(54, 92, 1209)
(92, 135, 1210)
(81, 146, 1211)
(20, 75, 1212)
(58, 130, 1213)
(10, 97, 1214)
(91, 118, 1215)
(0, 55, 1216)
(138, 141, 1217)
(90, 130, 1218)
(53, 62, 1219)
(67, 142, 1220)
(76, 87, 1221)
(42, 67, 1222)
(5, 93, 1223)
(80, 146, 1224)
(15, 148, 1225)
(62, 145, 1226)
(32, 68, 1227)
(18, 107, 1228)
(75, 102, 1229)
(95, 107, 1230)
(4, 42, 1231)
(27, 72, 1232)
(84, 143, 1233)
(71, 131, 1234)
(3, 112, 1235)
(23, 109, 1236)
(64, 98, 1237)
(140, 143, 1238)
(70, 72, 1239)
(3, 129, 1240)
(12, 81, 1241)
(16, 20, 1242)
(22, 30, 1243)
(79, 91, 1244)
(26, 85, 1245)
(12, 32, 1246)
(31, 85, 1247)
(35, 110, 1248)
(55, 115, 1249)
(120, 134, 1250)
(21, 48, 1251)
(44, 119, 1252)
(68, 125, 1253)
(7, 146, 1254)
(30, 49, 1255)
(0, 100, 1256)
(20, 111, 1257)
(6, 78, 1258)
(0, 19, 1259)
(39, 146, 1260)
(0, 130, 1261)
(76, 149, 1262)
(43, 100, 1263)
(63, 105, 1264)
(53, 131, 1265)
(62, 83, 1266)
(9, 37, 1267)
(119, 134, 1268)
(52, 77, 1269)
(19, 124, 1270)
(133, 140, 1271)
(85, 131, 1272)
(18, 60, 1273)
(8, 122, 1274)
(89, 113, 1275)
(109, 142, 1276)
(4, 14, 1277)
(142, 148, 1278)
(37, 66, 1279)
(94, 141, 1280)
(61, 92, 1281)
(27, 84, 1282)
(17, 30, 1283)
(50, 94, 1284)
(13, 42, 1285)
(64, 78, 1286)
(2, 140, 1287)
(22, 75, 1288)
(12, 117, 1289)
(50, 128, 1290)
(16, 112, 1291)
(73, 97, 1292)
(93, 126, 1293)
(97, 123, 1294)
(103, 133, 1295)
(25, 119, 1296)
(82, 128, 1297)
(135, 142, 1298)
(55, 87, 1299)
(58, 88, 1300)
(21, 84, 1301)
(44, 91, 1302)
(30, 130, 1303)
(78, 142, 1304)
(10, 86, 1305)
(34, 48, 1306)
(0, 64, 1307)
(81, 107, 1308)
(6, 42, 1309)
(101, 120, 1310)
(110, 142, 1311)
(134, 142, 1312)
(19, 43, 1313)
(62, 79, 1314)
(15, 95, 1315)
(18, 32, 1316)
(4, 83, 1317)
(8, 22, 1318)
(98, 133, 1319)
(37, 102, 1320)
(61, 96, 1321)
(27, 48, 1322)
(122, 126, 1323)
(3, 59, 1324)
(41, 140, 1325)
(23, 36, 1326)
(74, 76, 1327)
(3, 72, 1328)
(69, 88, 1329)
(16, 92, 1330)
(126, 139, 1331)
(102, 144, 1332)
(35, 89, 1333)
(59, 79, 1334)
(25, 83, 1335)
(79, 128, 1336)
(31, 45, 1337)
(35, 38, 1338)
(7, 52, 1339)
(45, 129, 1340)
(11, 49, 1341)
(54, 113, 1342)
(1, 123, 1343)
(44, 63, 1344)
(7, 69, 1345)
(11, 142, 1346)
(77, 129, 1347)
(24, 51, 1348)
(10, 74, 1349)
(67, 119, 1350)
(87, 104, 1351)
(125, 149, 1352)
(0, 44, 1353)
(54, 147, 1354)
(91, 109, 1355)
(114, 134, 1356)
(6, 22, 1357)
(81, 87, 1358)
(9, 131, 1359)
(63, 80, 1360)
(53, 74, 1361)
(89, 143, 1362)
(14, 121, 1363)
(71, 120, 1364)
(113, 130, 1365)
(38, 67, 1366)
(95, 118, 1367)
(42, 142, 1368)
(99, 115, 1369)
(8, 50, 1370)
(17, 85, 1371)
(41, 95, 1372)
(23, 72, 1373)
(13, 114, 1374)
(74, 96, 1375)
(93, 132, 1376)
(22, 128, 1377)
(2, 116, 1378)
(59, 141, 1379)
(26, 126, 1380)
(46, 117, 1381)
(31, 112, 1382)
(35, 117, 1383)
(92, 98, 1384)
(96, 101, 1385)
(68, 139, 1386)
(7, 24, 1387)
(72, 93, 1388)
(1, 71, 1389)
(92, 128, 1390)
(20, 84, 1391)
(6, 99, 1392)
(10, 110, 1393)
(34, 120, 1394)
(90, 131, 1395)
(39, 126, 1396)
(80, 117, 1397)
(100, 120, 1398)
(29, 36, 1399)
(33, 146, 1400)
(52, 106, 1401)
(19, 99, 1402)
(5, 92, 1403)
(80, 147, 1404)
(66, 90, 1405)
(14, 85, 1406)
(38, 111, 1407)
(4, 43, 1408)
(99, 111, 1409)
(41, 42, 1410)
(27, 75, 1411)
(84, 136, 1412)
(108, 118, 1413)
(40, 125, 1414)
(3, 115, 1415)
(23, 108, 1416)
(64, 99, 1417)
(3, 128, 1418)
(69, 143, 1419)
(79, 90, 1420)
(26, 82, 1421)
(31, 84, 1422)
(1, 129, 1423)
(55, 114, 1424)
(59, 119, 1425)
(1, 50, 1426)
(58, 69, 1427)
(115, 140, 1428)
(68, 126, 1429)
(7, 141, 1430)
(30, 54, 1431)
(34, 45, 1432)
(20, 104, 1433)
(63, 138, 1434)
(30, 65, 1435)
(39, 141, 1436)
(33, 92, 1437)
(57, 86, 1438)
(43, 103, 1439)
(124, 138, 1440)
(53, 130, 1441)
(5, 47, 1442)
(9, 36, 1443)
(15, 122, 1444)
(19, 127, 1445)
(14, 134, 1446)
(18, 61, 1447)
(38, 56, 1448)
(28, 102, 1449)
(89, 112, 1450)
(18, 76, 1451)
(142, 149, 1452)
(37, 65, 1453)
(75, 146, 1454)
(94, 114, 1455)
(131, 132, 1456)
(27, 87, 1457)
(51, 93, 1458)
(40, 89, 1459)
(2, 141, 1460)
(46, 66, 1461)
(121, 131, 1462)
(12, 118, 1463)
(50, 129, 1464)
(69, 99, 1465)
(73, 96, 1466)
(36, 124, 1467)
(22, 59, 1468)
(97, 122, 1469)
(103, 132, 1470)
(135, 137, 1471)
(48, 128, 1472)
(58, 89, 1473)
(21, 83, 1474)
(25, 144, 1475)
(11, 101, 1476)
(128, 135, 1477)
(34, 49, 1478)
(77, 109, 1479)
(81, 106, 1480)
(101, 103, 1481)
(10, 38, 1482)
(134, 143, 1483)
(33, 120, 1484)
(90, 123, 1485)
(110, 126, 1486)
(15, 41, 1487)
(66, 130, 1488)
(75, 80, 1489)
(8, 23, 1490)
(65, 90, 1491)
(32, 141, 1492)
(98, 130, 1493)
(47, 79, 1494)
(37, 101, 1495)
(94, 110, 1496)
(41, 98, 1497)
(47, 60, 1498)
(3, 58, 1499)
(23, 39, 1500)
(13, 77, 1501)
(107, 126, 1502)
(40, 53, 1503)
(3, 75, 1504)
(23, 148, 1505)
(70, 145, 1506)
(79, 109, 1507)
(83, 102, 1508)
(46, 94, 1509)
(12, 26, 1510)
(69, 71, 1511)
(55, 148, 1512)
(59, 78, 1513)
(68, 144, 1514)
(106, 111, 1515)
(31, 44, 1516)
(35, 41, 1517)
(7, 55, 1518)
(45, 128, 1519)
(11, 48, 1520)
(1, 122, 1521)
(58, 125, 1522)
(7, 68, 1523)
(11, 129, 1524)
(77, 128, 1525)
(24, 52, 1526)
(6, 132, 1527)
(87, 107, 1528)
(34, 85, 1529)
(91, 108, 1530)
(114, 135, 1531)
(6, 23, 1532)
(81, 86, 1533)
(63, 83, 1534)
(29, 95, 1535)
(67, 148, 1536)
(53, 73, 1537)
(39, 42, 1538)
(42, 109, 1539)
(86, 114, 1540)
(28, 63, 1541)
(32, 58, 1542)
(14, 126, 1543)
(71, 123, 1544)
(113, 129, 1545)
(95, 113, 1546)
(4, 48, 1547)
(8, 51, 1548)
(99, 114, 1549)
(95, 134, 1550)
(27, 110, 1551)
(47, 99, 1552)
(88, 112, 1553)
(13, 143, 1554)
(51, 100, 1555)
(17, 84, 1556)
(41, 94, 1557)
(40, 130, 1558)
(3, 22, 1559)
(60, 93, 1560)
(13, 113, 1561)
(88, 142, 1562)
(70, 98, 1563)
(22, 129, 1564)
(16, 42, 1565)
(36, 37, 1566)
(59, 140, 1567)
(26, 127, 1568)
(35, 116, 1569)
(96, 102, 1570)
(21, 26, 1571)
(7, 27, 1572)
(78, 84, 1573)
(81, 144, 1574)
(63, 145, 1575)
(10, 111, 1576)
(34, 121, 1577)
(0, 9, 1578)
(90, 128, 1579)
(80, 118, 1580)
(43, 122, 1581)
(100, 121, 1582)
(104, 124, 1583)
(15, 97, 1584)
(19, 98, 1585)
(5, 91, 1586)
(66, 91, 1587)
(85, 94, 1588)
(32, 70, 1589)
(18, 105, 1590)
(38, 108, 1591)
(99, 110, 1592)
(27, 74, 1593)
(84, 137, 1594)
(112, 114, 1595)
(108, 134, 1596)
(64, 100, 1597)
(70, 78, 1598)
(3, 131, 1599)
(16, 22, 1600)
(36, 89, 1601)
(22, 28, 1602)
(26, 83, 1603)
(117, 146, 1604)
(35, 131, 1605)
(83, 143, 1606)
(1, 128, 1607)
(55, 77, 1608)
(59, 118, 1609)
(120, 136, 1610)
(1, 49, 1611)
(44, 113, 1612)
(7, 127, 1613)
(11, 120, 1614)
(68, 127, 1615)
(7, 140, 1616)
(30, 55, 1617)
(24, 108, 1618)
(6, 76, 1619)
(30, 70, 1620)
(0, 132, 1621)
(57, 85, 1622)
(80, 82, 1623)
(53, 129, 1624)
(5, 46, 1625)
(62, 81, 1626)
(9, 43, 1627)
(119, 128, 1628)
(76, 117, 1629)
(133, 138, 1630)
(14, 135, 1631)
(4, 121, 1632)
(8, 124, 1633)
(65, 125, 1634)
(28, 103, 1635)
(32, 98, 1636)
(89, 119, 1637)
(109, 140, 1638)
(18, 77, 1639)
(37, 64, 1640)
(75, 149, 1641)
(94, 115, 1642)
(131, 135, 1643)
(17, 28, 1644)
(107, 149, 1645)
(74, 86, 1646)
(40, 90, 1647)
(3, 110, 1648)
(12, 119, 1649)
(16, 114, 1650)
(73, 103, 1651)
(93, 124, 1652)
(2, 61, 1653)
(16, 129, 1654)
(82, 126, 1655)
(49, 79, 1656)
(31, 75, 1657)
(11, 23, 1658)
(44, 85, 1659)
(101, 132, 1660)
(11, 100, 1661)
(68, 83, 1662)
(24, 72, 1663)
(81, 105, 1664)
(10, 39, 1665)
(43, 53, 1666)
(134, 140, 1667)
(53, 116, 1668)
(43, 66, 1669)
(15, 40, 1670)
(19, 45, 1671)
(62, 77, 1672)
(100, 128, 1673)
(9, 71, 1674)
(75, 83, 1675)
(65, 89, 1676)
(32, 142, 1677)
(98, 131, 1678)
(27, 133, 1679)
(47, 78, 1680)
(17, 111, 1681)
(37, 100, 1682)
(61, 126, 1683)
(27, 50, 1684)
(47, 63, 1685)
(3, 61, 1686)
(23, 38, 1687)
(13, 76, 1688)
(2, 110, 1689)
(22, 85, 1690)
(12, 27, 1691)
(69, 70, 1692)
(36, 145, 1693)
(35, 91, 1694)
(21, 148, 1695)
(82, 98, 1696)
(49, 107, 1697)
(68, 145, 1698)
(31, 47, 1699)
(106, 108, 1700)
(35, 40, 1701)
(7, 71, 1702)
(6, 133, 1703)
(10, 72, 1704)
(87, 106, 1705)
(114, 132, 1706)
(81, 85, 1707)
(9, 129, 1708)
(9, 18, 1709)
(104, 144, 1710)
(19, 73, 1711)
(89, 141, 1712)
(28, 56, 1713)
(32, 59, 1714)
(71, 122, 1715)
(75, 127, 1716)
(38, 65, 1717)
(113, 128, 1718)
(4, 49, 1719)
(99, 117, 1720)
(8, 52, 1721)
(13, 142, 1722)
(17, 75, 1723)
(41, 93, 1724)
(127, 129, 1725)
(40, 131, 1726)
(3, 25, 1727)
(60, 94, 1728)
(23, 74, 1729)
(50, 100, 1730)
(88, 143, 1731)
(13, 112, 1732)
(74, 110, 1733)
(59, 143, 1734)
(46, 123, 1735)
(12, 63, 1736)
(103, 126, 1737)
(12, 142, 1738)
(55, 104, 1739)
(59, 109, 1740)
(25, 45, 1741)
(45, 82, 1742)
(21, 25, 1743)
(72, 95, 1744)
(1, 69, 1745)
(129, 136, 1746)
(78, 85, 1747)
(58, 129, 1748)
(6, 97, 1749)
(67, 85, 1750)
(90, 129, 1751)
(53, 59, 1752)
(43, 125, 1753)
(104, 125, 1754)
(15, 96, 1755)
(19, 101, 1756)
(76, 82, 1757)
(42, 78, 1758)
(66, 88, 1759)
(65, 144, 1760)
(85, 93, 1761)
(14, 91, 1762)
(18, 102, 1763)
(38, 109, 1764)
(47, 145, 1765)
(94, 148, 1766)
(27, 77, 1767)
(84, 138, 1768)
(112, 115, 1769)
(108, 135, 1770)
(40, 127, 1771)
(60, 98, 1772)
(64, 101, 1773)
(84, 104, 1774)
(74, 130, 1775)
(3, 130, 1776)
(12, 76, 1777)
(69, 141, 1778)
(16, 23, 1779)
(73, 74, 1780)
(36, 90, 1781)
(2, 86, 1782)
(117, 145, 1783)
(26, 80, 1784)
(106, 130, 1785)
(35, 130, 1786)
(120, 137, 1787)
(1, 48, 1788)
(58, 67, 1789)
(44, 114, 1790)
(11, 123, 1791)
(72, 123, 1792)
(129, 148, 1793)
(7, 143, 1794)
(20, 106, 1795)
(6, 77, 1796)
(105, 134, 1797)
(0, 22, 1798)
(39, 143, 1799)
(87, 131, 1800)
(0, 133, 1801)
(80, 83, 1802)
(63, 106, 1803)
(124, 132, 1804)
(53, 128, 1805)
(5, 45, 1806)
(9, 42, 1807)
(119, 131, 1808)
(19, 129, 1809)
(133, 137, 1810)
(18, 59, 1811)
(4, 122, 1812)
(8, 125, 1813)
(32, 99, 1814)
(14, 55, 1815)
(109, 139, 1816)
(99, 141, 1817)
(75, 148, 1818)
(94, 112, 1819)
(131, 134, 1820)
(61, 89, 1821)
(27, 41, 1822)
(51, 95, 1823)
(23, 29, 1824)
(13, 39, 1825)
(3, 81, 1826)
(23, 114, 1827)
(64, 65, 1828)
(73, 149, 1829)
(2, 139, 1830)
(22, 78, 1831)
(46, 64, 1832)
(121, 129, 1833)
(126, 146, 1834)
(36, 126, 1835)
(93, 123, 1836)
(2, 58, 1837)
(103, 134, 1838)
(102, 122, 1839)
(49, 78, 1840)
(55, 80, 1841)
(11, 22, 1842)
(11, 103, 1843)
(30, 129, 1844)
(54, 138, 1845)
(24, 73, 1846)
(10, 36, 1847)
(110, 141, 1848)
(110, 124, 1849)
(57, 112, 1850)
(43, 69, 1851)
(15, 43, 1852)
(9, 70, 1853)
(15, 88, 1854)
(66, 128, 1855)
(75, 82, 1856)
(38, 90, 1857)
(4, 94, 1858)
(65, 88, 1859)
(28, 68, 1860)
(14, 19, 1861)
(27, 132, 1862)
(98, 115, 1863)
(3, 60, 1864)
(13, 75, 1865)
(40, 55, 1866)
(79, 111, 1867)
(12, 20, 1868)
(16, 95, 1869)
(126, 142, 1870)
(36, 146, 1871)
(2, 30, 1872)
(59, 64, 1873)
(79, 141, 1874)
(82, 99, 1875)
(68, 146, 1876)
(7, 49, 1877)
(11, 50, 1878)
(1, 120, 1879)
(78, 126, 1880)
(44, 58, 1881)
(48, 61, 1882)
(67, 120, 1883)
(87, 101, 1884)
(91, 110, 1885)
(0, 47, 1886)
(114, 133, 1887)
(43, 131, 1888)
(6, 21, 1889)
(20, 145, 1890)
(9, 128, 1891)
(29, 93, 1892)
(90, 93, 1893)
(57, 140, 1894)
(33, 139, 1895)
(56, 84, 1896)
(42, 107, 1897)
(5, 101, 1898)
(89, 140, 1899)
(14, 124, 1900)
(75, 126, 1901)
(4, 50, 1902)
(8, 53, 1903)
(99, 116, 1904)
(41, 51, 1905)
(27, 96, 1906)
(13, 141, 1907)
(51, 102, 1908)
(17, 74, 1909)
(41, 92, 1910)
(127, 128, 1911)
(84, 85, 1912)
(50, 101, 1913)
(13, 111, 1914)
(74, 111, 1915)
(93, 129, 1916)
(59, 142, 1917)
(22, 118, 1918)
(26, 125, 1919)
(103, 121, 1920)
(12, 56, 1921)
(31, 125, 1922)
(92, 125, 1923)
(1, 43, 1924)
(21, 24, 1925)
(7, 21, 1926)
(11, 94, 1927)
(54, 80, 1928)
(1, 68, 1929)
(92, 131, 1930)
(78, 90, 1931)
(6, 102, 1932)
(10, 109, 1933)
(24, 129, 1934)
(39, 123, 1935)
(9, 13, 1936)
(56, 112, 1937)
(19, 100, 1938)
(42, 79, 1939)
(5, 89, 1940)
(133, 148, 1941)
(66, 89, 1942)
(8, 66, 1943)
(85, 92, 1944)
(32, 88, 1945)
(14, 88, 1946)
(18, 103, 1947)
(99, 144, 1948)
(47, 144, 1949)
(51, 66, 1950)
(108, 113, 1951)
(60, 140, 1952)
(40, 96, 1953)
(60, 99, 1954)
(23, 105, 1955)
(117, 126, 1956)
(84, 105, 1957)
(70, 76, 1958)
(74, 131, 1959)
(3, 133, 1960)
(69, 140, 1961)
(36, 91, 1962)
(117, 144, 1963)
(26, 81, 1964)
(106, 131, 1965)
(55, 79, 1966)
(1, 55, 1967)
(58, 64, 1968)
(44, 115, 1969)
(7, 121, 1970)
(48, 118, 1971)
(11, 122, 1972)
(68, 121, 1973)
(72, 124, 1974)
(54, 60, 1975)
(30, 53, 1976)
(34, 40, 1977)
(30, 68, 1978)
(39, 142, 1979)
(33, 81, 1980)
(76, 145, 1981)
(124, 133, 1982)
(53, 143, 1983)
(5, 44, 1984)
(9, 41, 1985)
(19, 128, 1986)
(76, 119, 1987)
(38, 63, 1988)
(4, 123, 1989)
(51, 128, 1990)
(14, 52, 1991)
(109, 138, 1992)
(146, 148, 1993)
(4, 10, 1994)
(99, 140, 1995)
(37, 78, 1996)
(94, 113, 1997)
(131, 137, 1998)
(98, 108, 1999)
(27, 40, 2000)
(17, 18, 2001)
(41, 148, 2002)
(23, 28, 2003)
(50, 90, 2004)
(40, 92, 2005)
(23, 141, 2006)
(26, 147, 2007)
(2, 136, 2008)
(22, 79, 2009)
(12, 113, 2010)
(69, 96, 2011)
(16, 116, 2012)
(126, 147, 2013)
(36, 127, 2014)
(55, 141, 2015)
(2, 59, 2016)
(97, 127, 2017)
(16, 131, 2018)
(25, 123, 2019)
(135, 138, 2020)
(49, 77, 2021)
(31, 53, 2022)
(106, 118, 2023)
(55, 83, 2024)
(48, 131, 2025)
(1, 19, 2026)
(58, 100, 2027)
(21, 80, 2028)
(78, 99, 2029)
(44, 87, 2030)
(7, 93, 2031)
(30, 134, 2032)
(10, 82, 2033)
(24, 74, 2034)
(6, 46, 2035)
(81, 111, 2036)
(10, 37, 2037)
(43, 55, 2038)
(29, 120, 2039)
(33, 125, 2040)
(53, 114, 2041)
(57, 119, 2042)
(43, 68, 2043)
(62, 115, 2044)
(15, 91, 2045)
(18, 141, 2046)
(66, 129, 2047)
(14, 97, 2048)
(18, 28, 2049)
(28, 69, 2050)
(32, 128, 2051)
(14, 16, 2052)
(98, 129, 2053)
(37, 98, 2054)
(94, 109, 2055)
(41, 103, 2056)
(98, 112, 2057)
(64, 128, 2058)
(27, 52, 2059)
(47, 57, 2060)
(3, 63, 2061)
(23, 32, 2062)
(46, 131, 2063)
(50, 126, 2064)
(13, 74, 2065)
(141, 149, 2066)
(40, 56, 2067)
(3, 76, 2068)
(23, 145, 2069)
(2, 108, 2070)
(22, 107, 2071)
(83, 107, 2072)
(16, 80, 2073)
(36, 147, 2074)
(93, 94, 2075)
(2, 31, 2076)
(35, 93, 2077)
(82, 96, 2078)
(45, 108, 2079)
(68, 147, 2080)
(35, 42, 2081)
(7, 48, 2082)
(54, 117, 2083)
(58, 120, 2084)
(21, 116, 2085)
(78, 127, 2086)
(44, 59, 2087)
(7, 65, 2088)
(11, 130, 2089)
(24, 55, 2090)
(67, 123, 2091)
(34, 80, 2092)
(43, 130, 2093)
(6, 10, 2094)
(9, 135, 2095)
(63, 92, 2096)
(9, 16, 2097)
(104, 146, 2098)
(33, 138, 2099)
(52, 146, 2100)
(19, 75, 2101)
(5, 100, 2102)
(62, 111, 2103)
(75, 113, 2104)
(4, 51, 2105)
(95, 114, 2106)
(8, 54, 2107)
(99, 119, 2108)
(8, 133, 2109)
(13, 140, 2110)
(17, 73, 2111)
(40, 133, 2112)
(3, 27, 2113)
(60, 88, 2114)
(13, 110, 2115)
(74, 108, 2116)
(93, 128, 2117)
(22, 132, 2118)
(16, 45, 2119)
(59, 129, 2120)
(22, 119, 2121)
(12, 57, 2122)
(45, 63, 2123)
(31, 124, 2124)
(92, 126, 2125)
(96, 121, 2126)
(59, 111, 2127)
(25, 51, 2128)
(45, 80, 2129)
(49, 149, 2130)
(1, 42, 2131)
(44, 136, 2132)
(54, 81, 2133)
(1, 91, 2134)
(78, 91, 2135)
(81, 149, 2136)
(58, 143, 2137)
(63, 146, 2138)
(67, 87, 2139)
(111, 134, 2140)
(24, 130, 2141)
(53, 57, 2142)
(57, 62, 2143)
(39, 122, 2144)
(80, 105, 2145)
(29, 32, 2146)
(33, 37, 2147)
(9, 12, 2148)
(19, 103, 2149)
(5, 88, 2150)
(133, 147, 2151)
(28, 30, 2152)
(85, 91, 2153)
(32, 89, 2154)
(71, 88, 2155)
(18, 100, 2156)
(38, 99, 2157)
(4, 23, 2158)
(41, 46, 2159)
(84, 148, 2160)
(17, 53, 2161)
(112, 117, 2162)
(37, 58, 2163)
(60, 141, 2164)
(40, 97, 2165)
(3, 119, 2166)
(117, 125, 2167)
(64, 103, 2168)
(121, 122, 2169)
(84, 106, 2170)
(26, 47, 2171)
(69, 139, 2172)
(2, 84, 2173)
(35, 132, 2174)
(83, 144, 2175)
(31, 80, 2176)
(1, 133, 2177)
(55, 78, 2178)
(44, 108, 2179)
(105, 106, 2180)
(54, 61, 2181)
(7, 137, 2182)
(30, 58, 2183)
(39, 137, 2184)
(57, 90, 2185)
(80, 85, 2186)
(43, 91, 2187)
(124, 134, 2188)
(53, 142, 2189)
(62, 84, 2190)
(52, 74, 2191)
(19, 131, 2192)
(76, 112, 2193)
(18, 57, 2194)
(28, 98, 2195)
(85, 127, 2196)
(109, 137, 2197)
(146, 149, 2198)
(4, 11, 2199)
(28, 145, 2200)
(37, 77, 2201)
(94, 118, 2202)
(131, 136, 2203)
(27, 43, 2204)
(112, 145, 2205)
(50, 91, 2206)
(3, 83, 2207)
(23, 140, 2208)
(64, 67, 2209)
(2, 137, 2210)
(121, 135, 2211)
(16, 117, 2212)
(126, 144, 2213)
(73, 100, 2214)
(36, 120, 2215)
(55, 140, 2216)
(93, 121, 2217)
(97, 126, 2218)
(130, 148, 2219)
(25, 122, 2220)
(102, 120, 2221)
(49, 76, 2222)
(55, 82, 2223)
(21, 95, 2224)
(25, 148, 2225)
(7, 92, 2226)
(68, 94, 2227)
(78, 147, 2228)
(10, 83, 2229)
(6, 47, 2230)
(81, 110, 2231)
(10, 34, 2232)
(110, 147, 2233)
(29, 119, 2234)
(53, 113, 2235)
(57, 118, 2236)
(43, 71, 2237)
(62, 112, 2238)
(9, 68, 2239)
(100, 131, 2240)
(66, 111, 2241)
(15, 90, 2242)
(14, 102, 2243)
(18, 29, 2244)
(37, 97, 2245)
(64, 129, 2246)
(47, 56, 2247)
(122, 123, 2248)
(3, 62, 2249)
(23, 35, 2250)
(46, 128, 2251)
(50, 127, 2252)
(17, 142, 2253)
(40, 57, 2254)
(3, 79, 2255)
(70, 149, 2256)
(83, 106, 2257)
(46, 98, 2258)
(16, 81, 2259)
(55, 144, 2260)
(102, 149, 2261)
(21, 145, 2262)
(25, 86, 2263)
(82, 97, 2264)
(45, 107, 2265)
(49, 104, 2266)
(31, 40, 2267)
(7, 51, 2268)
(11, 52, 2269)
(1, 126, 2270)
(7, 64, 2271)
(24, 56, 2272)
(6, 120, 2273)
(10, 119, 2274)
(30, 114, 2275)
(87, 103, 2276)
(125, 144, 2277)
(91, 96, 2278)
(0, 33, 2279)
(54, 148, 2280)
(114, 131, 2281)
(43, 133, 2282)
(6, 11, 2283)
(138, 147, 2284)
(39, 81, 2285)
(9, 134, 2286)
(63, 95, 2287)
(53, 85, 2288)
(9, 23, 2289)
(104, 147, 2290)
(33, 137, 2291)
(52, 147, 2292)
(66, 115, 2293)
(86, 118, 2294)
(89, 146, 2295)
(28, 59, 2296)
(71, 119, 2297)
(4, 60, 2298)
(95, 125, 2299)
(42, 139, 2300)
(99, 118, 2301)
(8, 55, 2302)
(41, 49, 2303)
(27, 98, 2304)
(47, 111, 2305)
(88, 116, 2306)
(51, 104, 2307)
(41, 66, 2308)
(127, 130, 2309)
(50, 99, 2310)
(88, 146, 2311)
(74, 109, 2312)
(2, 113, 2313)
(59, 128, 2314)
(26, 123, 2315)
(45, 62, 2316)
(12, 137, 2317)
(35, 120, 2318)
(92, 127, 2319)
(55, 101, 2320)
(49, 148, 2321)
(1, 41, 2322)
(7, 23, 2323)
(48, 76, 2324)
(11, 80, 2325)
(81, 148, 2326)
(20, 81, 2327)
(58, 140, 2328)
(67, 86, 2329)
(30, 110, 2330)
(34, 117, 2331)
(0, 13, 2332)
(24, 131, 2333)
(33, 75, 2334)
(43, 126, 2335)
(100, 101, 2336)
(56, 131, 2337)
(5, 54, 2338)
(104, 143, 2339)
(33, 149, 2340)
(15, 109, 2341)
(56, 114, 2342)
(38, 134, 2343)
(42, 77, 2344)
(5, 71, 2345)
(133, 146, 2346)
(136, 138, 2347)
(66, 87, 2348)
(86, 146, 2349)
(85, 90, 2350)
(14, 94, 2351)
(71, 91, 2352)
(18, 101, 2353)
(38, 96, 2354)
(4, 16, 2355)
(99, 146, 2356)
(47, 146, 2357)
(84, 149, 2358)
(17, 52, 2359)
(112, 118, 2360)
(37, 138, 2361)
(40, 98, 2362)
(23, 107, 2363)
(74, 129, 2364)
(26, 44, 2365)
(2, 85, 2366)
(35, 135, 2367)
(72, 128, 2368)
(1, 132, 2369)
(120, 140, 2370)
(1, 53, 2371)
(58, 78, 2372)
(7, 123, 2373)
(7, 136, 2374)
(34, 38, 2375)
(10, 15, 2376)
(30, 74, 2377)
(105, 139, 2378)
(76, 147, 2379)
(80, 86, 2380)
(53, 141, 2381)
(52, 75, 2382)
(19, 130, 2383)
(14, 139, 2384)
(65, 113, 2385)
(122, 130, 2386)
(85, 126, 2387)
(32, 102, 2388)
(14, 58, 2389)
(99, 142, 2390)
(37, 76, 2391)
(94, 119, 2392)
(98, 106, 2393)
(27, 42, 2394)
(112, 146, 2395)
(60, 146, 2396)
(23, 30, 2397)
(107, 137, 2398)
(74, 82, 2399)
(3, 82, 2400)
(97, 147, 2401)
(22, 77, 2402)
(121, 134, 2403)
(12, 115, 2404)
(69, 110, 2405)
(126, 145, 2406)
(73, 107, 2407)
(16, 133, 2408)
(102, 121, 2409)
(31, 55, 2410)
(35, 48, 2411)
(54, 111, 2412)
(58, 98, 2413)
(96, 145, 2414)
(44, 81, 2415)
(101, 128, 2416)
(30, 132, 2417)
(78, 144, 2418)
(34, 74, 2419)
(0, 70, 2420)
(77, 104, 2421)
(24, 76, 2422)
(10, 35, 2423)
(110, 144, 2424)
(33, 115, 2425)
(43, 70, 2426)
(19, 49, 2427)
(5, 14, 2428)
(62, 113, 2429)
(100, 140, 2430)
(14, 103, 2431)
(4, 89, 2432)
(42, 148, 2433)
(65, 93, 2434)
(32, 130, 2435)
(14, 22, 2436)
(17, 99, 2437)
(37, 96, 2438)
(27, 54, 2439)
(46, 129, 2440)
(50, 124, 2441)
(141, 147, 2442)
(2, 106, 2443)
(26, 100, 2444)
(2, 29, 2445)
(35, 95, 2446)
(25, 85, 2447)
(79, 142, 2448)
(31, 43, 2449)
(116, 129, 2450)
(7, 50, 2451)
(34, 140, 2452)
(44, 53, 2453)
(7, 67, 2454)
(24, 57, 2455)
(6, 121, 2456)
(10, 116, 2457)
(30, 115, 2458)
(20, 45, 2459)
(9, 133, 2460)
(29, 90, 2461)
(53, 84, 2462)
(57, 145, 2463)
(9, 22, 2464)
(104, 148, 2465)
(123, 144, 2466)
(33, 136, 2467)
(56, 87, 2468)
(19, 77, 2469)
(42, 86, 2470)
(5, 98, 2471)
(62, 109, 2472)
(89, 145, 2473)
(65, 136, 2474)
(28, 52, 2475)
(18, 126, 2476)
(38, 69, 2477)
(42, 136, 2478)
(8, 56, 2479)
(95, 141, 2480)
(88, 117, 2481)
(13, 138, 2482)
(51, 107, 2483)
(71, 148, 2484)
(41, 65, 2485)
(13, 27, 2486)
(127, 141, 2487)
(23, 70, 2488)
(16, 47, 2489)
(73, 82, 2490)
(26, 120, 2491)
(46, 127, 2492)
(12, 138, 2493)
(35, 123, 2494)
(96, 123, 2495)
(25, 49, 2496)
(45, 78, 2497)
(49, 139, 2498)
(1, 40, 2499)
(21, 37, 2500)
(7, 22, 2501)
(48, 77, 2502)
(11, 83, 2503)
(54, 87, 2504)
(78, 89, 2505)
(58, 141, 2506)
(6, 101, 2507)
(10, 104, 2508)
(30, 111, 2509)
(0, 14, 2510)
(111, 128, 2511)
(100, 102, 2512)
(63, 114, 2513)
(9, 50, 2514)
(33, 148, 2515)
(52, 112, 2516)
(15, 108, 2517)
(56, 115, 2518)
(8, 69, 2519)
(65, 148, 2520)
(18, 98, 2521)
(38, 97, 2522)
(37, 87, 2523)
(41, 44, 2524)
(27, 65, 2525)
(51, 71, 2526)
(17, 43, 2527)
(112, 119, 2528)
(13, 63, 2529)
(37, 137, 2530)
(3, 121, 2531)
(84, 116, 2532)
(74, 142, 2533)
(73, 78, 2534)
(36, 70, 2535)
(26, 92, 2536)
(35, 134, 2537)
(130, 142, 2538)
(120, 141, 2539)
(58, 79, 2540)
(21, 57, 2541)
(115, 146, 2542)
(44, 110, 2543)
(11, 127, 2544)
(58, 62, 2545)
(7, 139, 2546)
(34, 39, 2547)
(105, 138, 2548)
(30, 75, 2549)
(39, 139, 2550)
(33, 86, 2551)
(76, 140, 2552)
(80, 87, 2553)
(19, 20, 2554)
(62, 90, 2555)
(15, 64, 2556)
(42, 46, 2557)
(85, 140, 2558)
(14, 136, 2559)
(38, 50, 2560)
(65, 112, 2561)
(85, 125, 2562)
(18, 70, 2563)
(146, 147, 2564)
(28, 147, 2565)
(37, 75, 2566)
(94, 116, 2567)
(131, 138, 2568)
(4, 132, 2569)
(61, 85, 2570)
(50, 89, 2571)
(107, 136, 2572)
(40, 95, 2573)
(22, 66, 2574)
(12, 108, 2575)
(69, 109, 2576)
(16, 119, 2577)
(93, 119, 2578)
(2, 54, 2579)
(97, 124, 2580)
(103, 130, 2581)
(16, 134, 2582)
(55, 63, 2583)
(130, 146, 2584)
(25, 120, 2585)
(82, 123, 2586)
(102, 126, 2587)
(49, 66, 2588)
(48, 134, 2589)
(58, 99, 2590)
(101, 143, 2591)
(68, 88, 2592)
(10, 81, 2593)
(87, 93, 2594)
(6, 45, 2595)
(10, 32, 2596)
(110, 145, 2597)
(29, 117, 2598)
(33, 114, 2599)
(53, 127, 2600)
(57, 116, 2601)
(114, 127, 2602)
(42, 115, 2603)
(62, 118, 2604)
(9, 74, 2605)
(14, 100, 2606)
(18, 27, 2607)
(4, 90, 2608)
(65, 92, 2609)
(28, 64, 2610)
(14, 23, 2611)
(17, 98, 2612)
(47, 58, 2613)
(3, 32, 2614)
(23, 61, 2615)
(50, 125, 2616)
(107, 116, 2617)
(74, 119, 2618)
(23, 146, 2619)
(70, 139, 2620)
(2, 107, 2621)
(26, 101, 2622)
(46, 96, 2623)
(12, 16, 2624)
(16, 83, 2625)
(2, 26, 2626)
(59, 68, 2627)
(25, 84, 2628)
(79, 137, 2629)
(49, 110, 2630)
(35, 47, 2631)
(7, 45, 2632)
(11, 54, 2633)
(34, 141, 2634)
(54, 72, 2635)
(1, 124, 2636)
(48, 49, 2637)
(11, 135, 2638)
(24, 58, 2639)
(6, 126, 2640)
(10, 117, 2641)
(114, 129, 2642)
(6, 9, 2643)
(138, 145, 2644)
(56, 88, 2645)
(42, 87, 2646)
(5, 97, 2647)
(136, 144, 2648)
(9, 102, 2649)
(86, 116, 2650)
(32, 48, 2651)
(71, 113, 2652)
(18, 127, 2653)
(38, 122, 2654)
(42, 137, 2655)
(8, 57, 2656)
(41, 55, 2657)
(47, 105, 2658)
(13, 137, 2659)
(88, 118, 2660)
(51, 106, 2661)
(40, 136, 2662)
(3, 28, 2663)
(60, 91, 2664)
(23, 65, 2665)
(50, 97, 2666)
(59, 130, 2667)
(46, 124, 2668)
(103, 117, 2669)
(49, 57, 2670)
(35, 122, 2671)
(92, 121, 2672)
(96, 124, 2673)
(116, 119, 2674)
(25, 48, 2675)
(49, 138, 2676)
(48, 78, 2677)
(105, 115, 2678)
(54, 84, 2679)
(1, 88, 2680)
(20, 83, 2681)
(58, 138, 2682)
(77, 94, 2683)
(67, 88, 2684)
(111, 131, 2685)
(33, 73, 2686)
(57, 67, 2687)
(80, 108, 2688)
(43, 112, 2689)
(63, 125, 2690)
(124, 125, 2691)
(5, 52, 2692)
(52, 113, 2693)
(15, 111, 2694)
(56, 116, 2695)
(19, 104, 2696)
(42, 75, 2697)
(5, 69, 2698)
(136, 140, 2699)
(14, 92, 2700)
(4, 18, 2701)
(118, 144, 2702)
(28, 136, 2703)
(37, 86, 2704)
(27, 64, 2705)
(17, 42, 2706)
(60, 136, 2707)
(13, 62, 2708)
(40, 100, 2709)
(3, 120, 2710)
(64, 122, 2711)
(84, 117, 2712)
(74, 143, 2713)
(3, 137, 2714)
(26, 42, 2715)
(12, 73, 2716)
(50, 148, 2717)
(69, 136, 2718)
(2, 83, 2719)
(130, 143, 2720)
(25, 99, 2721)
(83, 149, 2722)
(92, 93, 2723)
(68, 101, 2724)
(58, 63, 2725)
(7, 138, 2726)
(34, 36, 2727)
(0, 124, 2728)
(20, 119, 2729)
(24, 114, 2730)
(6, 70, 2731)
(10, 13, 2732)
(30, 72, 2733)
(105, 137, 2734)
(33, 85, 2735)
(90, 110, 2736)
(5, 135, 2737)
(53, 139, 2738)
(19, 23, 2739)
(52, 85, 2740)
(15, 67, 2741)
(19, 132, 2742)
(76, 115, 2743)
(85, 139, 2744)
(18, 52, 2745)
(38, 51, 2746)
(4, 103, 2747)
(8, 98, 2748)
(65, 119, 2749)
(28, 125, 2750)
(32, 120, 2751)
(51, 132, 2752)
(89, 121, 2753)
(14, 56, 2754)
(94, 117, 2755)
(4, 133, 2756)
(61, 84, 2757)
(27, 44, 2758)
(40, 64, 2759)
(3, 84, 2760)
(97, 145, 2761)
(46, 69, 2762)
(121, 132, 2763)
(16, 104, 2764)
(73, 105, 2765)
(36, 123, 2766)
(93, 118, 2767)
(97, 115, 2768)
(16, 135, 2769)
(55, 62, 2770)
(130, 147, 2771)
(25, 127, 2772)
(102, 127, 2773)
(45, 149, 2774)
(11, 13, 2775)
(1, 23, 2776)
(58, 96, 2777)
(96, 147, 2778)
(21, 92, 2779)
(78, 103, 2780)
(101, 142, 2781)
(30, 138, 2782)
(68, 89, 2783)
(125, 137, 2784)
(54, 143, 2785)
(77, 102, 2786)
(24, 78, 2787)
(81, 99, 2788)
(29, 116, 2789)
(33, 113, 2790)
(15, 54, 2791)
(19, 51, 2792)
(42, 112, 2793)
(5, 12, 2794)
(100, 142, 2795)
(9, 73, 2796)
(66, 106, 2797)
(86, 105, 2798)
(38, 95, 2799)
(4, 91, 2800)
(42, 146, 2801)
(8, 30, 2802)
(28, 65, 2803)
(32, 132, 2804)
(14, 20, 2805)
(47, 84, 2806)
(37, 110, 2807)
(41, 107, 2808)
(64, 132, 2809)
(3, 35, 2810)
(13, 70, 2811)
(107, 119, 2812)
(70, 121, 2813)
(141, 145, 2814)
(17, 131, 2815)
(74, 116, 2816)
(70, 136, 2817)
(2, 104, 2818)
(79, 106, 2819)
(12, 17, 2820)
(2, 27, 2821)
(35, 65, 2822)
(79, 136, 2823)
(35, 46, 2824)
(11, 41, 2825)
(21, 112, 2826)
(48, 50, 2827)
(11, 134, 2828)
(24, 59, 2829)
(6, 127, 2830)
(10, 114, 2831)
(67, 127, 2832)
(30, 113, 2833)
(87, 96, 2834)
(34, 108, 2835)
(91, 101, 2836)
(6, 14, 2837)
(63, 88, 2838)
(9, 20, 2839)
(123, 146, 2840)
(56, 89, 2841)
(19, 79, 2842)
(14, 65, 2843)
(18, 124, 2844)
(75, 117, 2845)
(95, 126, 2846)
(4, 63, 2847)
(8, 137, 2848)
(27, 103, 2849)
(47, 104, 2850)
(13, 136, 2851)
(51, 109, 2852)
(13, 25, 2853)
(60, 84, 2854)
(70, 101, 2855)
(74, 104, 2856)
(69, 147, 2857)
(16, 33, 2858)
(12, 53, 2859)
(103, 116, 2860)
(12, 132, 2861)
(31, 120, 2862)
(7, 16, 2863)
(48, 79, 2864)
(54, 85, 2865)
(1, 95, 2866)
(78, 95, 2867)
(20, 92, 2868)
(67, 91, 2869)
(24, 134, 2870)
(33, 72, 2871)
(90, 139, 2872)
(57, 66, 2873)
(63, 124, 2874)
(29, 60, 2875)
(124, 126, 2876)
(9, 48, 2877)
(109, 127, 2878)
(56, 117, 2879)
(19, 107, 2880)
(42, 72, 2881)
(5, 68, 2882)
(66, 82, 2883)
(8, 71, 2884)
(32, 93, 2885)
(118, 145, 2886)
(28, 137, 2887)
(84, 144, 2888)
(108, 110, 2889)
(17, 41, 2890)
(60, 120, 2891)
(23, 100, 2892)
(84, 118, 2893)
(74, 140, 2894)
(3, 136, 2895)
(26, 43, 2896)
(12, 74, 2897)
(73, 76, 2898)
(22, 23, 2899)
(106, 140, 2900)
(82, 149, 2901)
(83, 148, 2902)
(31, 92, 2903)
(92, 94, 2904)
(1, 10, 2905)
(96, 136, 2906)
(21, 71, 2907)
(44, 104, 2908)
(48, 107, 2909)
(105, 110, 2910)
(68, 102, 2911)
(58, 60, 2912)
(7, 133, 2913)
(30, 62, 2914)
(0, 125, 2915)
(105, 136, 2916)
(39, 133, 2917)
(29, 111, 2918)
(90, 111, 2919)
(57, 94, 2920)
(5, 134, 2921)
(19, 22, 2922)
(5, 23, 2923)
(62, 88, 2924)
(9, 44, 2925)
(15, 66, 2926)
(76, 108, 2927)
(85, 138, 2928)
(38, 48, 2929)
(28, 126, 2930)
(51, 52, 2931)
(37, 73, 2932)
(131, 140, 2933)
(61, 83, 2934)
(17, 21, 2935)
(112, 149, 2936)
(74, 81, 2937)
(40, 65, 2938)
(23, 136, 2939)
(2, 133, 2940)
(46, 74, 2941)
(126, 148, 2942)
(93, 117, 2943)
(2, 52, 2944)
(97, 114, 2945)
(22, 51, 2946)
(55, 57, 2947)
(49, 64, 2948)
(106, 115, 2949)
(58, 97, 2950)
(78, 100, 2951)
(7, 88, 2952)
(68, 90, 2953)
(87, 95, 2954)
(34, 73, 2955)
(0, 89, 2956)
(77, 101, 2957)
(6, 35, 2958)
(91, 137, 2959)
(134, 135, 2960)
(33, 112, 2961)
(39, 62, 2962)
(15, 49, 2963)
(19, 50, 2964)
(119, 125, 2965)
(29, 149, 2966)
(14, 106, 2967)
(42, 147, 2968)
(65, 82, 2969)
(32, 133, 2970)
(17, 96, 2971)
(23, 63, 2972)
(46, 132, 2973)
(13, 69, 2974)
(107, 118, 2975)
(74, 117, 2976)
(2, 105, 2977)
(22, 108, 2978)
(79, 117, 2979)
(83, 110, 2980)
(12, 18, 2981)
(2, 24, 2982)
(102, 137, 2983)
(139, 145, 2984)
(31, 135, 2985)
(59, 70, 2986)
(82, 93, 2987)
(116, 140, 2988)
(34, 139, 2989)
(48, 51, 2990)
(67, 126, 2991)
(30, 118, 2992)
(34, 109, 2993)
(0, 37, 2994)
(91, 149, 2995)
(29, 87, 2996)
(9, 27, 2997)
(33, 141, 2998)
(15, 21, 2999)
(56, 90, 3000)
(19, 78, 3001)
(42, 85, 3002)
(136, 146, 3003)
(28, 55, 3004)
(14, 70, 3005)
(18, 125, 3006)
(95, 121, 3007)
(8, 59, 3008)
(118, 138, 3009)
(99, 122, 3010)
(51, 108, 3011)
(17, 76, 3012)
(41, 70, 3013)
(13, 24, 3014)
(127, 142, 3015)
(40, 138, 3016)
(3, 30, 3017)
(60, 85, 3018)
(13, 105, 3019)
(70, 90, 3020)
(16, 34, 3021)
(59, 132, 3022)
(26, 71, 3023)
(117, 134, 3024)
(103, 119, 3025)
(49, 63, 3026)
(31, 123, 3027)
(96, 126, 3028)
(59, 98, 3029)
(49, 136, 3030)
(1, 45, 3031)
(44, 133, 3032)
(7, 19, 3033)
(1, 94, 3034)
(58, 136, 3035)
(77, 92, 3036)
(30, 82, 3037)
(111, 141, 3038)
(24, 135, 3039)
(33, 79, 3040)
(57, 65, 3041)
(39, 113, 3042)
(43, 114, 3043)
(63, 127, 3044)
(124, 127, 3045)
(5, 50, 3046)
(52, 115, 3047)
(56, 118, 3048)
(42, 73, 3049)
(136, 142, 3050)
(66, 83, 3051)
(65, 105, 3052)
(131, 147, 3053)
(51, 72, 3054)
(13, 60, 3055)
(40, 102, 3056)
(97, 139, 3057)
(23, 103, 3058)
(64, 124, 3059)
(84, 119, 3060)
(74, 141, 3061)
(26, 40, 3062)
(46, 47, 3063)
(12, 75, 3064)
(73, 115, 3065)
(36, 65, 3066)
(2, 81, 3067)
(25, 97, 3068)
(92, 95, 3069)
(120, 144, 3070)
(1, 9, 3071)
(58, 74, 3072)
(21, 70, 3073)
(25, 131, 3074)
(105, 109, 3075)
(7, 132, 3076)
(30, 63, 3077)
(20, 113, 3078)
(10, 11, 3079)
(57, 93, 3080)
(29, 31, 3081)
(53, 137, 3082)
(19, 25, 3083)
(62, 89, 3084)
(100, 148, 3085)
(85, 137, 3086)
(18, 50, 3087)
(38, 49, 3088)
(4, 97, 3089)
(51, 134, 3090)
(89, 127, 3091)
(17, 123, 3092)
(37, 72, 3093)
(75, 141, 3094)
(94, 123, 3095)
(61, 82, 3096)
(83, 85, 3097)
(12, 111, 3098)
(16, 106, 3099)
(126, 149, 3100)
(73, 111, 3101)
(55, 139, 3102)
(93, 116, 3103)
(2, 53, 3104)
(97, 113, 3105)
(130, 145, 3106)
(59, 61, 3107)
(45, 147, 3108)
(58, 110, 3109)
(21, 90, 3110)
(78, 101, 3111)
(7, 91, 3112)
(77, 147, 3113)
(78, 148, 3114)
(6, 145, 3115)
(10, 92, 3116)
(87, 94, 3117)
(34, 70, 3118)
(20, 21, 3119)
(6, 32, 3120)
(110, 148, 3121)
(29, 114, 3122)
(33, 119, 3123)
(57, 121, 3124)
(52, 132, 3125)
(15, 48, 3126)
(19, 53, 3127)
(42, 126, 3128)
(5, 10, 3129)
(18, 135, 3130)
(28, 44, 3131)
(14, 107, 3132)
(38, 93, 3133)
(4, 69, 3134)
(42, 144, 3135)
(65, 81, 3136)
(32, 134, 3137)
(95, 149, 3138)
(47, 86, 3139)
(17, 103, 3140)
(41, 105, 3141)
(61, 118, 3142)
(64, 134, 3143)
(127, 149, 3144)
(50, 120, 3145)
(13, 68, 3146)
(141, 143, 3147)
(70, 142, 3148)
(79, 116, 3149)
(46, 103, 3150)
(12, 19, 3151)
(69, 78, 3152)
(16, 86, 3153)
(139, 144, 3154)
(31, 134, 3155)
(35, 67, 3156)
(59, 89, 3157)
(116, 141, 3158)
(34, 136, 3159)
(48, 52, 3160)
(24, 61, 3161)
(6, 125, 3162)
(67, 97, 3163)
(30, 119, 3164)
(87, 98, 3165)
(6, 12, 3166)
(91, 148, 3167)
(9, 137, 3168)
(9, 26, 3169)
(123, 148, 3170)
(15, 20, 3171)
(136, 147, 3172)
(9, 107, 3173)
(86, 139, 3174)
(89, 149, 3175)
(71, 114, 3176)
(38, 121, 3177)
(8, 60, 3178)
(99, 125, 3179)
(8, 139, 3180)
(27, 121, 3181)
(13, 23, 3182)
(37, 145, 3183)
(40, 139, 3184)
(84, 92, 3185)
(73, 86, 3186)
(36, 46, 3187)
(2, 74, 3188)
(59, 135, 3189)
(117, 133, 3190)
(49, 62, 3191)
(12, 134, 3192)
(31, 122, 3193)
(92, 116, 3194)
(96, 127, 3195)
(25, 53, 3196)
(45, 74, 3197)
(49, 143, 3198)
(1, 44, 3199)
(7, 18, 3200)
(48, 65, 3201)
(105, 112, 3202)
(10, 133, 3203)
(20, 94, 3204)
(24, 25, 3205)
(105, 146, 3206)
(30, 83, 3207)
(0, 2, 3208)
(111, 140, 3209)
(24, 136, 3210)
(90, 137, 3211)
(43, 117, 3212)
(29, 58, 3213)
(9, 54, 3214)
(5, 66, 3215)
(66, 80, 3216)
(14, 35, 3217)
(89, 98, 3218)
(71, 86, 3219)
(37, 83, 3220)
(131, 146, 3221)
(27, 69, 3222)
(13, 59, 3223)
(97, 138, 3224)
(60, 122, 3225)
(23, 102, 3226)
(64, 125, 3227)
(84, 112, 3228)
(70, 71, 3229)
(26, 41, 3230)
(69, 117, 3231)
(73, 114, 3232)
(93, 111, 3233)
(25, 96, 3234)
(82, 147, 3235)
(31, 94, 3236)
(55, 68, 3237)
(120, 145, 3238)
(1, 8, 3239)
(58, 75, 3240)
(72, 99, 3241)
(54, 55, 3242)
(30, 60, 3243)
(34, 35, 3244)
(0, 127, 3245)
(24, 117, 3246)
(105, 142, 3247)
(30, 79, 3248)
(29, 109, 3249)
(90, 109, 3250)
(57, 92, 3251)
(76, 136, 3252)
(5, 132, 3253)
(5, 21, 3254)
(62, 94, 3255)
(9, 82, 3256)
(100, 149, 3257)
(52, 80, 3258)
(15, 76, 3259)
(85, 136, 3260)
(38, 54, 3261)
(4, 98, 3262)
(122, 143, 3263)
(75, 140, 3264)
(94, 120, 3265)
(4, 128, 3266)
(98, 103, 3267)
(61, 81, 3268)
(144, 146, 3269)
(74, 95, 3270)
(3, 89, 3271)
(23, 138, 3272)
(121, 137, 3273)
(69, 105, 3274)
(16, 107, 3275)
(55, 138, 3276)
(2, 50, 3277)
(55, 59, 3278)
(82, 119, 3279)
(102, 114, 3280)
(49, 70, 3281)
(31, 50, 3282)
(35, 55, 3283)
(45, 146, 3284)
(11, 14, 3285)
(54, 96, 3286)
(1, 20, 3287)
(58, 111, 3288)
(21, 89, 3289)
(7, 90, 3290)
(101, 139, 3291)
(128, 145, 3292)
(77, 146, 3293)
(24, 34, 3294)
(78, 149, 3295)
(125, 134, 3296)
(81, 96, 3297)
(10, 44, 3298)
(91, 139, 3299)
(29, 113, 3300)
(39, 56, 3301)
(123, 139, 3302)
(52, 133, 3303)
(56, 64, 3304)
(42, 127, 3305)
(100, 137, 3306)
(119, 127, 3307)
(66, 105, 3308)
(86, 108, 3309)
(18, 132, 3310)
(14, 104, 3311)
(18, 23, 3312)
(4, 70, 3313)
(42, 145, 3314)
(65, 80, 3315)
(95, 148, 3316)
(40, 144, 3317)
(50, 121, 3318)
(13, 67, 3319)
(74, 115, 3320)
(16, 56, 3321)
(2, 103, 3322)
(22, 98, 3323)
(26, 97, 3324)
(83, 112, 3325)
(46, 100, 3326)
(16, 87, 3327)
(2, 22, 3328)
(102, 143, 3329)
(139, 147, 3330)
(35, 66, 3331)
(79, 149, 3332)
(49, 98, 3333)
(116, 142, 3334)
(7, 41, 3335)
(34, 137, 3336)
(1, 112, 3337)
(21, 125, 3338)
(44, 50, 3339)
(48, 53, 3340)
(24, 62, 3341)
(6, 114, 3342)
(87, 125, 3343)
(34, 107, 3344)
(63, 69, 3345)
(29, 85, 3346)
(9, 25, 3347)
(15, 23, 3348)
(56, 92, 3349)
(19, 80, 3350)
(136, 148, 3351)
(9, 106, 3352)
(66, 77, 3353)
(89, 148, 3354)
(15, 132, 3355)
(14, 68, 3356)
(18, 123, 3357)
(118, 136, 3358)
(41, 59, 3359)
(8, 140, 3360)
(47, 117, 3361)
(88, 122, 3362)
(71, 147, 3363)
(13, 22, 3364)
(108, 148, 3365)
(127, 136, 3366)
(37, 144, 3367)
(40, 140, 3368)
(60, 87, 3369)
(23, 93, 3370)
(84, 93, 3371)
(13, 103, 3372)
(70, 88, 3373)
(3, 145, 3374)
(69, 144, 3375)
(16, 36, 3376)
(59, 134, 3377)
(117, 132, 3378)
(103, 113, 3379)
(35, 126, 3380)
(25, 52, 3381)
(21, 32, 3382)
(105, 119, 3383)
(129, 135, 3384)
(20, 95, 3385)
(105, 145, 3386)
(33, 77, 3387)
(39, 115, 3388)
(43, 116, 3389)
(29, 57, 3390)
(56, 137, 3391)
(5, 48, 3392)
(9, 53, 3393)
(52, 125, 3394)
(15, 107, 3395)
(56, 120, 3396)
(66, 81, 3397)
(86, 148, 3398)
(8, 74, 3399)
(85, 100, 3400)
(89, 97, 3401)
(14, 32, 3402)
(18, 95, 3403)
(4, 30, 3404)
(118, 148, 3405)
(28, 132, 3406)
(131, 149, 3407)
(84, 147, 3408)
(51, 74, 3409)
(60, 132, 3410)
(13, 58, 3411)
(3, 124, 3412)
(97, 137, 3413)
(60, 123, 3414)
(64, 126, 3415)
(3, 141, 3416)
(26, 54, 3417)
(12, 69, 3418)
(73, 113, 3419)
(2, 47, 3420)
(93, 110, 3421)
(97, 107, 3422)
(22, 42, 3423)
(35, 141, 3424)
(82, 144, 3425)
(72, 134, 3426)
(120, 146, 3427)
(21, 68, 3428)
(25, 129, 3429)
(44, 107, 3430)
(7, 113, 3431)
(48, 110, 3432)
(7, 134, 3433)
(0, 112, 3434)
(77, 126, 3435)
(39, 134, 3436)
(29, 108, 3437)
(90, 106, 3438)
(53, 102, 3439)
(76, 137, 3440)
(43, 80, 3441)
(29, 142, 3442)
(52, 81, 3443)
(15, 79, 3444)
(19, 136, 3445)
(76, 111, 3446)
(38, 55, 3447)
(8, 102, 3448)
(65, 75, 3449)
(32, 124, 3450)
(17, 121, 3451)
(94, 121, 3452)
(41, 115, 3453)
(4, 129, 3454)
(112, 136, 3455)
(50, 82, 3456)
(13, 94, 3457)
(144, 147, 3458)
(12, 105, 3459)
(69, 104, 3460)
(16, 108, 3461)
(73, 109, 3462)
(2, 51, 3463)
(93, 114, 3464)
(97, 119, 3465)
(55, 58, 3466)
(25, 67, 3467)
(82, 116, 3468)
(106, 126, 3469)
(54, 97, 3470)
(21, 88, 3471)
(115, 117, 3472)
(78, 107, 3473)
(44, 79, 3474)
(30, 142, 3475)
(24, 35, 3476)
(10, 90, 3477)
(87, 88, 3478)
(125, 133, 3479)
(20, 23, 3480)
(77, 98, 3481)
(81, 103, 3482)
(6, 38, 3483)
(101, 108, 3484)
(10, 45, 3485)
(43, 47, 3486)
(29, 112, 3487)
(39, 59, 3488)
(19, 55, 3489)
(42, 124, 3490)
(5, 8, 3491)
(100, 138, 3492)
(119, 126, 3493)
(66, 102, 3494)
(75, 77, 3495)
(113, 146, 3496)
(4, 71, 3497)
(65, 87, 3498)
(14, 24, 3499)
(8, 145, 3500)
(37, 106, 3501)
(17, 135, 3502)
(74, 112, 3503)
(70, 140, 3504)
(36, 52, 3505)
(22, 99, 3506)
(12, 13, 3507)
(69, 76, 3508)
(2, 23, 3509)
(139, 146, 3510)
(31, 128, 3511)
(25, 95, 3512)
(79, 148, 3513)
(7, 40, 3514)
(34, 134, 3515)
(54, 77, 3516)
(1, 119, 3517)
(48, 54, 3518)
(20, 68, 3519)
(24, 63, 3520)
(10, 126, 3521)
(20, 43, 3522)
(39, 78, 3523)
(9, 143, 3524)
(67, 129, 3525)
(56, 93, 3526)
(42, 80, 3527)
(5, 108, 3528)
(136, 149, 3529)
(9, 105, 3530)
(86, 137, 3531)
(65, 130, 3532)
(28, 50, 3533)
(71, 108, 3534)
(118, 137, 3535)
(41, 58, 3536)
(95, 139, 3537)
(8, 141, 3538)
(27, 123, 3539)
(47, 116, 3540)
(13, 132, 3541)
(88, 123, 3542)
(17, 65, 3543)
(13, 21, 3544)
(40, 141, 3545)
(23, 92, 3546)
(84, 94, 3547)
(13, 102, 3548)
(3, 144, 3549)
(16, 37, 3550)
(73, 84, 3551)
(2, 72, 3552)
(103, 112, 3553)
(12, 49, 3554)
(106, 148, 3555)
(35, 144, 3556)
(45, 55, 3557)
(31, 100, 3558)
(35, 97, 3559)
(92, 118, 3560)
(55, 98, 3561)
(116, 124, 3562)
(25, 59, 3563)
(49, 141, 3564)
(1, 34, 3565)
(48, 67, 3566)
(105, 118, 3567)
(92, 148, 3568)
(129, 134, 3569)
(10, 131, 3570)
(24, 27, 3571)
(67, 95, 3572)
(105, 144, 3573)
(30, 81, 3574)
(33, 76, 3575)
(39, 114, 3576)
(80, 97, 3577)
(100, 108, 3578)
(29, 56, 3579)
(56, 138, 3580)
(109, 123, 3581)
(113, 120, 3582)
(62, 130, 3583)
(65, 110, 3584)
(14, 33, 3585)
(18, 92, 3586)
(4, 31, 3587)
(118, 149, 3588)
(28, 133, 3589)
(37, 81, 3590)
(131, 148, 3591)
(61, 75, 3592)
(17, 45, 3593)
(13, 57, 3594)
(50, 62, 3595)
(3, 140, 3596)
(46, 50, 3597)
(69, 115, 3598)
(73, 112, 3599)
(93, 109, 3600)
(22, 43, 3601)
(103, 148, 3602)
(106, 136, 3603)
(16, 144, 3604)
(130, 136, 3605)
(25, 102, 3606)
(72, 135, 3607)
(55, 70, 3608)
(48, 144, 3609)
(1, 14, 3610)
(44, 100, 3611)
(101, 149, 3612)
(48, 111, 3613)
(11, 117, 3614)
(68, 98, 3615)
(72, 101, 3616)
(30, 34, 3617)
(0, 113, 3618)
(20, 124, 3619)
(24, 119, 3620)
(6, 59, 3621)
(29, 107, 3622)
(87, 149, 3623)
(53, 101, 3624)
(57, 98, 3625)
(5, 130, 3626)
(5, 19, 3627)
(62, 92, 3628)
(29, 141, 3629)
(52, 82, 3630)
(14, 146, 3631)
(18, 49, 3632)
(4, 108, 3633)
(122, 141, 3634)
(32, 125, 3635)
(14, 61, 3636)
(18, 64, 3637)
(75, 142, 3638)
(4, 130, 3639)
(107, 142, 3640)
(97, 148, 3641)
(73, 131, 3642)
(83, 86, 3643)
(121, 143, 3644)
(69, 87, 3645)
(55, 132, 3646)
(93, 113, 3647)
(2, 48, 3648)
(22, 55, 3649)
(25, 66, 3650)
(82, 117, 3651)
(45, 127, 3652)
(49, 68, 3653)
(106, 127, 3654)
(31, 60, 3655)
(45, 144, 3656)
(115, 116, 3657)
(77, 144, 3658)
(24, 36, 3659)
(125, 132, 3660)
(34, 69, 3661)
(0, 93, 3662)
(54, 128, 3663)
(43, 145, 3664)
(6, 39, 3665)
(10, 42, 3666)
(91, 141, 3667)
(20, 135, 3668)
(43, 46, 3669)
(9, 146, 3670)
(33, 116, 3671)
(114, 121, 3672)
(123, 141, 3673)
(56, 66, 3674)
(9, 76, 3675)
(100, 139, 3676)
(66, 103, 3677)
(52, 54, 3678)
(132, 142, 3679)
(14, 110, 3680)
(18, 21, 3681)
(113, 145, 3682)
(38, 80, 3683)
(65, 86, 3684)
(28, 94, 3685)
(14, 25, 3686)
(47, 83, 3687)
(88, 96, 3688)
(17, 100, 3689)
(61, 115, 3690)
(60, 77, 3691)
(50, 119, 3692)
(13, 65, 3693)
(17, 134, 3694)
(16, 58, 3695)
(70, 141, 3696)
(2, 101, 3697)
(22, 96, 3698)
(26, 111, 3699)
(83, 114, 3700)
(46, 106, 3701)
(69, 75, 3702)
(16, 73, 3703)
(36, 132, 3704)
(2, 20, 3705)
(102, 141, 3706)
(139, 149, 3707)
(31, 131, 3708)
(35, 68, 3709)
(82, 89, 3710)
(49, 96, 3711)
(68, 132, 3712)
(116, 136, 3713)
(11, 44, 3714)
(34, 135, 3715)
(21, 123, 3716)
(10, 127, 3717)
(67, 98, 3718)
(87, 127, 3719)
(20, 52, 3720)
(39, 73, 3721)
(9, 142, 3722)
(29, 83, 3723)
(67, 128, 3724)
(9, 31, 3725)
(15, 17, 3726)
(19, 82, 3727)
(38, 146, 3728)
(9, 104, 3729)
(66, 75, 3730)
(86, 142, 3731)
(15, 134, 3732)
(8, 80, 3733)
(32, 54, 3734)
(14, 74, 3735)
(18, 121, 3736)
(75, 104, 3737)
(4, 36, 3738)
(95, 101, 3739)
(41, 57, 3740)
(8, 142, 3741)
(47, 119, 3742)
(13, 131, 3743)
(17, 64, 3744)
(71, 141, 3745)
(41, 74, 3746)
(13, 20, 3747)
(60, 81, 3748)
(84, 95, 3749)
(70, 94, 3750)
(3, 147, 3751)
(73, 91, 3752)
(36, 41, 3753)
(26, 67, 3754)
(45, 54, 3755)
(35, 96, 3756)
(92, 119, 3757)
(55, 125, 3758)
(96, 114, 3759)
(59, 102, 3760)
(25, 58, 3761)
(116, 125, 3762)
(45, 71, 3763)
(1, 33, 3764)
(44, 129, 3765)
(7, 15, 3766)
(48, 68, 3767)
(105, 117, 3768)
(92, 149, 3769)
(58, 148, 3770)
(63, 133, 3771)
(10, 19, 3772)
(67, 94, 3773)
(30, 86, 3774)
(0, 5, 3775)
(24, 139, 3776)
(33, 67, 3777)
(90, 148, 3778)
(57, 69, 3779)
(80, 98, 3780)
(100, 109, 3781)
(63, 123, 3782)
(33, 60, 3783)
(52, 127, 3784)
(15, 117, 3785)
(42, 53, 3786)
(5, 79, 3787)
(8, 76, 3788)
(62, 131, 3789)
(85, 98, 3790)
(32, 82, 3791)
(28, 134, 3792)
(37, 80, 3793)
(17, 44, 3794)
(13, 56, 3795)
(97, 143, 3796)
(60, 117, 3797)
(64, 112, 3798)
(84, 115, 3799)
(50, 63, 3800)
(12, 71, 3801)
(50, 142, 3802)
(36, 77, 3803)
(93, 108, 3804)
(97, 105, 3805)
(106, 137, 3806)
(130, 137, 3807)
(49, 95, 3808)
(31, 91, 3809)
(55, 65, 3810)
(58, 86, 3811)
(96, 141, 3812)
(21, 66, 3813)
(44, 101, 3814)
(7, 115, 3815)
(101, 148, 3816)
(30, 144, 3817)
(72, 102, 3818)
(7, 128, 3819)
(30, 35, 3820)
(20, 125, 3821)
(24, 120, 3822)
(6, 56, 3823)
(81, 121, 3824)
(29, 106, 3825)
(33, 111, 3826)
(87, 148, 3827)
(53, 100, 3828)
(57, 97, 3829)
(43, 82, 3830)
(53, 149, 3831)
(19, 29, 3832)
(9, 87, 3833)
(100, 144, 3834)
(52, 83, 3835)
(15, 73, 3836)
(76, 105, 3837)
(18, 46, 3838)
(38, 53, 3839)
(8, 104, 3840)
(32, 126, 3841)
(51, 138, 3842)
(109, 128, 3843)
(18, 65, 3844)
(94, 127, 3845)
(41, 113, 3846)
(27, 34, 3847)
(112, 138, 3848)
(50, 80, 3849)
(144, 149, 3850)
(23, 135, 3851)
(73, 130, 3852)
(22, 69, 3853)
(69, 86, 3854)
(16, 110, 3855)
(55, 135, 3856)
(93, 112, 3857)
(97, 117, 3858)
(25, 65, 3859)
(82, 114, 3860)
(102, 113, 3861)
(106, 124, 3862)
(45, 143, 3863)
(54, 103, 3864)
(21, 102, 3865)
(11, 144, 3866)
(68, 71, 3867)
(128, 148, 3868)
(77, 143, 3869)
(24, 37, 3870)
(10, 88, 3871)
(87, 90, 3872)
(54, 129, 3873)
(77, 96, 3874)
(6, 36, 3875)
(101, 106, 3876)
(91, 140, 3877)
(20, 128, 3878)
(29, 78, 3879)
(39, 53, 3880)
(123, 140, 3881)
(52, 128, 3882)
(15, 60, 3883)
(42, 122, 3884)
(66, 100, 3885)
(123, 125, 3886)
(52, 55, 3887)
(18, 131, 3888)
(75, 79, 3889)
(38, 81, 3890)
(113, 144, 3891)
(65, 85, 3892)
(28, 95, 3893)
(89, 95, 3894)
(47, 82, 3895)
(17, 91, 3896)
(37, 104, 3897)
(127, 145, 3898)
(23, 58, 3899)
(46, 137, 3900)
(60, 61, 3901)
(70, 130, 3902)
(36, 54, 3903)
(22, 97, 3904)
(83, 117, 3905)
(46, 107, 3906)
(31, 130, 3907)
(59, 93, 3908)
(82, 86, 3909)
(116, 137, 3910)
(7, 42, 3911)
(54, 67, 3912)
(1, 117, 3913)
(30, 123, 3914)
(87, 126, 3915)
(0, 58, 3916)
(111, 116, 3917)
(39, 72, 3918)
(29, 82, 3919)
(52, 100, 3920)
(19, 85, 3921)
(42, 94, 3922)
(5, 106, 3923)
(8, 81, 3924)
(75, 107, 3925)
(95, 100, 3926)
(8, 32, 3927)
(118, 143, 3928)
(47, 129, 3929)
(41, 56, 3930)
(27, 125, 3931)
(47, 118, 3932)
(88, 125, 3933)
(51, 115, 3934)
(71, 140, 3935)
(13, 19, 3936)
(40, 143, 3937)
(60, 82, 3938)
(13, 100, 3939)
(70, 95, 3940)
(74, 146, 3941)
(73, 90, 3942)
(117, 129, 3943)
(103, 114, 3944)
(106, 146, 3945)
(35, 146, 3946)
(31, 102, 3947)
(92, 112, 3948)
(55, 124, 3949)
(59, 121, 3950)
(120, 121, 3951)
(45, 70, 3952)
(49, 131, 3953)
(1, 32, 3954)
(21, 45, 3955)
(44, 130, 3956)
(7, 14, 3957)
(48, 69, 3958)
(11, 75, 3959)
(1, 81, 3960)
(129, 132, 3961)
(81, 131, 3962)
(10, 129, 3963)
(20, 90, 3964)
(6, 93, 3965)
(0, 6, 3966)
(111, 136, 3967)
(24, 140, 3968)
(90, 149, 3969)
(57, 68, 3970)
(39, 108, 3971)
(63, 122, 3972)
(104, 105, 3973)
(56, 140, 3974)
(52, 120, 3975)
(113, 126, 3976)
(80, 129, 3977)
(5, 78, 3978)
(14, 39, 3979)
(71, 82, 3980)
(18, 90, 3981)
(94, 128, 3982)
(27, 89, 3983)
(51, 79, 3984)
(17, 35, 3985)
(60, 135, 3986)
(13, 55, 3987)
(97, 142, 3988)
(84, 124, 3989)
(50, 60, 3990)
(26, 53, 3991)
(50, 143, 3992)
(69, 113, 3993)
(73, 118, 3994)
(97, 104, 3995)
(16, 146, 3996)
(35, 142, 3997)
(49, 94, 3998)
(72, 137, 3999)
(1, 147, 4000)
(1, 12, 4001)
(21, 65, 4002)
(44, 102, 4003)
(48, 97, 4004)
(11, 119, 4005)
(68, 108, 4006)
(72, 103, 4007)
(128, 137, 4008)
(30, 32, 4009)
(77, 123, 4010)
(24, 121, 4011)
(39, 131, 4012)
(29, 105, 4013)
(33, 110, 4014)
(90, 105, 4015)
(57, 96, 4016)
(76, 132, 4017)
(53, 148, 4018)
(62, 66, 4019)
(29, 139, 4020)
(52, 92, 4021)
(15, 72, 4022)
(19, 141, 4023)
(76, 106, 4024)
(132, 148, 4025)
(14, 144, 4026)
(18, 47, 4027)
(4, 110, 4028)
(8, 105, 4029)
(65, 72, 4030)
(51, 141, 4031)
(37, 115, 4032)
(75, 128, 4033)
(98, 99, 4034)
(61, 109, 4035)
(40, 71, 4036)
(3, 93, 4037)
(23, 134, 4038)
(64, 93, 4039)
(83, 88, 4040)
(16, 111, 4041)
(97, 116, 4042)
(22, 53, 4043)
(25, 64, 4044)
(82, 115, 4045)
(102, 118, 4046)
(49, 122, 4047)
(31, 62, 4048)
(54, 100, 4049)
(1, 104, 4050)
(58, 107, 4051)
(21, 101, 4052)
(78, 110, 4053)
(7, 86, 4054)
(11, 147, 4055)
(128, 149, 4056)
(24, 38, 4057)
(6, 138, 4058)
(34, 67, 4059)
(125, 130, 4060)
(0, 95, 4061)
(54, 134, 4062)
(114, 149, 4063)
(24, 85, 4064)
(43, 147, 4065)
(91, 143, 4066)
(20, 129, 4067)
(9, 144, 4068)
(29, 77, 4069)
(57, 124, 4070)
(114, 119, 4071)
(123, 143, 4072)
(52, 129, 4073)
(15, 63, 4074)
(19, 56, 4075)
(119, 123, 4076)
(86, 96, 4077)
(132, 136, 4078)
(28, 41, 4079)
(18, 19, 4080)
(75, 78, 4081)
(4, 66, 4082)
(89, 94, 4083)
(14, 31, 4084)
(95, 144, 4085)
(98, 148, 4086)
(27, 144, 4087)
(17, 90, 4088)
(41, 108, 4089)
(61, 113, 4090)
(127, 144, 4091)
(40, 148, 4092)
(46, 142, 4093)
(13, 127, 4094)
(88, 128, 4095)
(107, 108, 4096)
(70, 112, 4097)
(16, 60, 4098)
(79, 115, 4099)
(83, 116, 4100)
(46, 104, 4101)
(69, 73, 4102)
(36, 134, 4103)
(2, 18, 4104)
(102, 131, 4105)
(31, 141, 4106)
(92, 109, 4107)
(79, 145, 4108)
(82, 87, 4109)
(45, 97, 4110)
(49, 102, 4111)
(116, 138, 4112)
(48, 90, 4113)
(11, 46, 4114)
(34, 133, 4115)
(54, 64, 4116)
(6, 118, 4117)
(87, 121, 4118)
(0, 59, 4119)
(111, 119, 4120)
(80, 120, 4121)
(67, 130, 4122)
(53, 91, 4123)
(52, 101, 4124)
(15, 19, 4125)
(19, 84, 4126)
(38, 144, 4127)
(42, 95, 4128)
(5, 105, 4129)
(9, 110, 4130)
(86, 140, 4131)
(65, 135, 4132)
(32, 72, 4133)
(14, 72, 4134)
(71, 105, 4135)
(18, 119, 4136)
(47, 128, 4137)
(17, 70, 4138)
(41, 72, 4139)
(61, 149, 4140)
(40, 112, 4141)
(3, 4, 4142)
(93, 149, 4143)
(3, 149, 4144)
(16, 24, 4145)
(73, 89, 4146)
(117, 128, 4147)
(35, 149, 4148)
(45, 52, 4149)
(83, 129, 4150)
(31, 97, 4151)
(35, 98, 4152)
(96, 116, 4153)
(59, 120, 4154)
(45, 69, 4155)
(49, 130, 4156)
(1, 39, 4157)
(115, 129, 4158)
(44, 131, 4159)
(7, 9, 4160)
(10, 142, 4161)
(0, 104, 4162)
(58, 146, 4163)
(6, 82, 4164)
(24, 141, 4165)
(33, 65, 4166)
(39, 111, 4167)
(100, 111, 4168)
(63, 101, 4169)
(104, 106, 4170)
(29, 53, 4171)
(9, 57, 4172)
(15, 119, 4173)
(109, 120, 4174)
(19, 112, 4175)
(113, 125, 4176)
(89, 101, 4177)
(14, 36, 4178)
(71, 77, 4179)
(18, 91, 4180)
(94, 129, 4181)
(27, 88, 4182)
(88, 90, 4183)
(51, 78, 4184)
(17, 34, 4185)
(40, 108, 4186)
(97, 141, 4187)
(60, 119, 4188)
(23, 125, 4189)
(64, 114, 4190)
(50, 61, 4191)
(46, 49, 4192)
(50, 140, 4193)
(69, 112, 4194)
(36, 79, 4195)
(93, 106, 4196)
(2, 43, 4197)
(130, 135, 4198)
(25, 107, 4199)
(82, 140, 4200)
(49, 93, 4201)
(72, 138, 4202)
(1, 146, 4203)
(11, 25, 4204)
(7, 109, 4205)
(11, 118, 4206)
(68, 109, 4207)
(72, 104, 4208)
(7, 130, 4209)
(30, 33, 4210)
(6, 62, 4211)
(134, 146, 4212)
(29, 104, 4213)
(33, 109, 4214)
(90, 118, 4215)
(53, 98, 4216)
(0, 146, 4217)
(57, 103, 4218)
(76, 133, 4219)
(43, 84, 4220)
(53, 147, 4221)
(19, 31, 4222)
(100, 146, 4223)
(15, 75, 4224)
(76, 107, 4225)
(14, 145, 4226)
(4, 111, 4227)
(8, 106, 4228)
(122, 136, 4229)
(32, 112, 4230)
(51, 61, 4231)
(17, 125, 4232)
(41, 119, 4233)
(41, 128, 4234)
(50, 78, 4235)
(13, 90, 4236)
(107, 131, 4237)
(74, 88, 4238)
(40, 72, 4239)
(23, 129, 4240)
(73, 128, 4241)
(22, 91, 4242)
(121, 140, 4243)
(21, 130, 4244)
(82, 112, 4245)
(45, 124, 4246)
(102, 119, 4247)
(49, 121, 4248)
(35, 58, 4249)
(45, 141, 4250)
(1, 111, 4251)
(115, 121, 4252)
(125, 129, 4253)
(0, 80, 4254)
(43, 146, 4255)
(6, 26, 4256)
(10, 41, 4257)
(53, 70, 4258)
(114, 116, 4259)
(123, 142, 4260)
(15, 62, 4261)
(56, 69, 4262)
(19, 59, 4263)
(9, 113, 4264)
(119, 122, 4265)
(123, 127, 4266)
(86, 97, 4267)
(89, 93, 4268)
(145, 147, 4269)
(98, 149, 4270)
(47, 92, 4271)
(17, 89, 4272)
(61, 112, 4273)
(3, 43, 4274)
(60, 72, 4275)
(23, 52, 4276)
(50, 114, 4277)
(70, 113, 4278)
(60, 63, 4279)
(16, 61, 4280)
(70, 128, 4281)
(22, 103, 4282)
(69, 72, 4283)
(16, 76, 4284)
(36, 135, 4285)
(102, 128, 4286)
(35, 73, 4287)
(96, 105, 4288)
(25, 35, 4289)
(116, 139, 4290)
(11, 33, 4291)
(34, 130, 4292)
(54, 65, 4293)
(92, 140, 4294)
(1, 75, 4295)
(21, 120, 4296)
(20, 64, 4297)
(6, 119, 4298)
(10, 122, 4299)
(67, 103, 4300)
(30, 121, 4301)
(87, 120, 4302)
(34, 100, 4303)
(20, 55, 4304)
(39, 74, 4305)
(29, 80, 4306)
(53, 90, 4307)
(33, 134, 4308)
(56, 97, 4309)
(19, 87, 4310)
(38, 145, 4311)
(76, 92, 4312)
(5, 104, 4313)
(66, 70, 4314)
(8, 83, 4315)
(65, 134, 4316)
(14, 73, 4317)
(75, 109, 4318)
(38, 115, 4319)
(95, 102, 4320)
(118, 141, 4321)
(27, 127, 4322)
(84, 132, 4323)
(51, 117, 4324)
(71, 142, 4325)
(41, 79, 4326)
(13, 17, 4327)
(3, 7, 4328)
(60, 108, 4329)
(23, 88, 4330)
(84, 90, 4331)
(140, 148, 4332)
(36, 84, 4333)
(12, 45, 4334)
(103, 108, 4335)
(35, 148, 4336)
(83, 128, 4337)
(96, 117, 4338)
(59, 123, 4339)
(25, 63, 4340)
(45, 68, 4341)
(49, 129, 4342)
(21, 43, 4343)
(115, 128, 4344)
(7, 8, 4345)
(48, 71, 4346)
(11, 77, 4347)
(1, 87, 4348)
(81, 129, 4349)
(10, 143, 4350)
(0, 105, 4351)
(20, 100, 4352)
(6, 83, 4353)
(63, 134, 4354)
(90, 147, 4355)
(39, 110, 4356)
(43, 107, 4357)
(100, 104, 4358)
(104, 107, 4359)
(56, 125, 4360)
(80, 131, 4361)
(62, 134, 4362)
(85, 111, 4363)
(14, 37, 4364)
(89, 100, 4365)
(4, 27, 4366)
(28, 129, 4367)
(40, 109, 4368)
(97, 140, 4369)
(60, 112, 4370)
(23, 124, 4371)
(64, 115, 4372)
(84, 126, 4373)
(46, 54, 4374)
(36, 72, 4375)
(103, 144, 4376)
(25, 106, 4377)
(135, 149, 4378)
(49, 92, 4379)
(72, 139, 4380)
(1, 145, 4381)
(55, 66, 4382)
(25, 27, 4383)
(48, 148, 4384)
(21, 79, 4385)
(101, 145, 4386)
(68, 110, 4387)
(72, 105, 4388)
(128, 139, 4389)
(30, 38, 4390)
(0, 117, 4391)
(20, 120, 4392)
(77, 121, 4393)
(24, 123, 4394)
(6, 63, 4395)
(101, 115, 4396)
(134, 147, 4397)
(33, 108, 4398)
(0, 147, 4399)
(57, 102, 4400)
(76, 134, 4401)
(9, 84, 4402)
(52, 94, 4403)
(15, 74, 4404)
(76, 100, 4405)
(66, 142, 4406)
(85, 146, 4407)
(18, 45, 4408)
(38, 40, 4409)
(4, 104, 4410)
(65, 78, 4411)
(122, 137, 4412)
(32, 113, 4413)
(98, 142, 4414)
(75, 130, 4415)
(27, 39, 4416)
(112, 141, 4417)
(50, 79, 4418)
(40, 73, 4419)
(3, 95, 4420)
(73, 135, 4421)
(22, 88, 4422)
(12, 102, 4423)
(36, 108, 4424)
(82, 113, 4425)
(106, 123, 4426)
(35, 61, 4427)
(45, 140, 4428)
(78, 108, 4429)
(44, 68, 4430)
(7, 80, 4431)
(77, 140, 4432)
(6, 136, 4433)
(0, 81, 4434)
(43, 149, 4435)
(29, 75, 4436)
(53, 69, 4437)
(57, 130, 4438)
(114, 117, 4439)
(123, 129, 4440)
(52, 131, 4441)
(9, 112, 4442)
(137, 139, 4443)
(66, 99, 4444)
(89, 130, 4445)
(28, 43, 4446)
(32, 46, 4447)
(14, 114, 4448)
(113, 149, 4449)
(28, 90, 4450)
(14, 29, 4451)
(145, 146, 4452)
(98, 146, 4453)
(88, 100, 4454)
(17, 88, 4455)
(61, 143, 4456)
(127, 146, 4457)
(3, 42, 4458)
(60, 73, 4459)
(88, 130, 4460)
(13, 125, 4461)
(70, 118, 4462)
(93, 143, 4463)
(16, 62, 4464)
(36, 49, 4465)
(2, 97, 4466)
(79, 125, 4467)
(46, 110, 4468)
(2, 16, 4469)
(31, 143, 4470)
(92, 111, 4471)
(59, 94, 4472)
(25, 34, 4473)
(82, 85, 4474)
(45, 95, 4475)
(7, 39, 4476)
(34, 131, 4477)
(54, 70, 4478)
(20, 65, 4479)
(6, 116, 4480)
(10, 123, 4481)
(30, 126, 4482)
(20, 48, 4483)
(111, 113, 4484)
(6, 7, 4485)
(63, 67, 4486)
(67, 132, 4487)
(33, 133, 4488)
(52, 103, 4489)
(56, 98, 4490)
(76, 93, 4491)
(9, 108, 4492)
(15, 130, 4493)
(65, 133, 4494)
(14, 78, 4495)
(18, 117, 4496)
(75, 108, 4497)
(38, 112, 4498)
(4, 32, 4499)
(47, 130, 4500)
(27, 126, 4501)
(84, 133, 4502)
(51, 116, 4503)
(71, 137, 4504)
(13, 16, 4505)
(108, 146, 4506)
(40, 114, 4507)
(84, 91, 4508)
(70, 82, 4509)
(74, 145, 4510)
(12, 95, 4511)
(73, 95, 4512)
(36, 85, 4513)
(2, 69, 4514)
(117, 142, 4515)
(103, 111, 4516)
(83, 131, 4517)
(49, 55, 4518)
(31, 99, 4519)
(72, 144, 4520)
(92, 115, 4521)
(55, 121, 4522)
(116, 121, 4523)
(120, 124, 4524)
(44, 125, 4525)
(7, 11, 4526)
(105, 121, 4527)
(72, 78, 4528)
(81, 128, 4529)
(10, 140, 4530)
(0, 106, 4531)
(63, 129, 4532)
(0, 25, 4533)
(24, 143, 4534)
(33, 71, 4535)
(87, 140, 4536)
(57, 73, 4537)
(43, 106, 4538)
(100, 105, 4539)
(63, 103, 4540)
(29, 51, 4541)
(104, 108, 4542)
(9, 63, 4543)
(15, 113, 4544)
(56, 126, 4545)
(19, 114, 4546)
(42, 49, 4547)
(133, 134, 4548)
(62, 135, 4549)
(85, 110, 4550)
(28, 130, 4551)
(88, 92, 4552)
(51, 80, 4553)
(17, 32, 4554)
(13, 52, 4555)
(3, 98, 4556)
(60, 113, 4557)
(84, 127, 4558)
(46, 55, 4559)
(12, 67, 4560)
(36, 73, 4561)
(22, 44, 4562)
(16, 149, 4563)
(130, 133, 4564)
(25, 105, 4565)
(49, 83, 4566)
(31, 71, 4567)
(25, 26, 4568)
(48, 149, 4569)
(25, 139, 4570)
(101, 144, 4571)
(68, 111, 4572)
(128, 140, 4573)
(24, 124, 4574)
(81, 125, 4575)
(43, 57, 4576)
(134, 144, 4577)
(33, 99, 4578)
(87, 144, 4579)
(90, 116, 4580)
(15, 36, 4581)
(29, 136, 4582)
(15, 85, 4583)
(85, 145, 4584)
(18, 42, 4585)
(65, 77, 4586)
(32, 114, 4587)
(51, 142, 4588)
(37, 112, 4589)
(41, 117, 4590)
(4, 143, 4591)
(27, 38, 4592)
(3, 49, 4593)
(41, 134, 4594)
(50, 76, 4595)
(107, 133, 4596)
(40, 74, 4597)
(23, 131, 4598)
(22, 89, 4599)
(83, 93, 4600)
(12, 103, 4601)
(69, 82, 4602)
(2, 13, 4603)
(45, 122, 4604)
(106, 120, 4605)
(35, 60, 4606)
(45, 139, 4607)
(54, 123, 4608)
(58, 118, 4609)
(44, 69, 4610)
(11, 148, 4611)
(77, 139, 4612)
(6, 137, 4613)
(0, 82, 4614)
(20, 29, 4615)
(114, 144, 4616)
(43, 148, 4617)
(9, 149, 4618)
(123, 128, 4619)
(52, 140, 4620)
(15, 56, 4621)
(5, 114, 4622)
(62, 125, 4623)
(9, 119, 4624)
(86, 103, 4625)
(28, 36, 4626)
(66, 147, 4627)
(113, 148, 4628)
(38, 85, 4629)
(4, 77, 4630)
(17, 95, 4631)
(41, 81, 4632)
(61, 142, 4633)
(60, 74, 4634)
(23, 54, 4635)
(46, 141, 4636)
(22, 138, 4637)
(16, 63, 4638)
(22, 101, 4639)
(83, 121, 4640)
(16, 78, 4641)
(36, 129, 4642)
(92, 104, 4643)
(59, 81, 4644)
(79, 146, 4645)
(7, 38, 4646)
(34, 128, 4647)
(92, 142, 4648)
(6, 117, 4649)
(10, 120, 4650)
(34, 98, 4651)
(0, 62, 4652)
(53, 55, 4653)
(39, 68, 4654)
(104, 113, 4655)
(67, 135, 4656)
(29, 46, 4657)
(104, 128, 4658)
(15, 28, 4659)
(19, 89, 4660)
(42, 90, 4661)
(18, 114, 4662)
(4, 33, 4663)
(118, 131, 4664)
(51, 119, 4665)
(17, 59, 4666)
(61, 146, 4667)
(13, 15, 4668)
(3, 9, 4669)
(60, 110, 4670)
(23, 90, 4671)
(64, 105, 4672)
(13, 96, 4673)
(16, 27, 4674)
(73, 94, 4675)
(79, 80, 4676)
(117, 141, 4677)
(26, 76, 4678)
(103, 110, 4679)
(83, 130, 4680)
(31, 98, 4681)
(72, 145, 4682)
(1, 139, 4683)
(116, 122, 4684)
(45, 66, 4685)
(1, 36, 4686)
(21, 41, 4687)
(115, 130, 4688)
(11, 79, 4689)
(105, 120, 4690)
(72, 79, 4691)
(81, 135, 4692)
(20, 102, 4693)
(58, 145, 4694)
(63, 128, 4695)
(10, 28, 4696)
(67, 69, 4697)
(30, 91, 4698)
(33, 70, 4699)
(90, 145, 4700)
(80, 103, 4701)
(43, 109, 4702)
(100, 106, 4703)
(29, 50, 4704)
(56, 144, 4705)
(15, 112, 4706)
(109, 117, 4707)
(19, 117, 4708)
(80, 133, 4709)
(65, 96, 4710)
(28, 108, 4711)
(18, 86, 4712)
(28, 131, 4713)
(94, 132, 4714)
(51, 83, 4715)
(37, 44, 4716)
(13, 51, 4717)
(97, 130, 4718)
(60, 114, 4719)
(64, 117, 4720)
(69, 125, 4721)
(73, 122, 4722)
(36, 74, 4723)
(93, 103, 4724)
(2, 38, 4725)
(22, 45, 4726)
(103, 146, 4727)
(82, 139, 4728)
(49, 82, 4729)
(31, 70, 4730)
(72, 141, 4731)
(58, 83, 4732)
(44, 98, 4733)
(30, 149, 4734)
(72, 107, 4735)
(0, 119, 4736)
(20, 122, 4737)
(77, 119, 4738)
(24, 125, 4739)
(10, 48, 4740)
(101, 113, 4741)
(29, 101, 4742)
(33, 98, 4743)
(53, 111, 4744)
(0, 149, 4745)
(124, 148, 4746)
(15, 39, 4747)
(5, 29, 4748)
(29, 135, 4749)
(15, 84, 4750)
(66, 140, 4751)
(85, 144, 4752)
(18, 43, 4753)
(8, 109, 4754)
(65, 76, 4755)
(37, 127, 4756)
(75, 132, 4757)
(27, 57, 4758)
(118, 122, 4759)
(112, 143, 4760)
(3, 48, 4761)
(41, 133, 4762)
(50, 77, 4763)
(3, 65, 4764)
(64, 81, 4765)
(22, 94, 4766)
(121, 145, 4767)
(31, 149, 4768)
(21, 143, 4769)
(102, 106, 4770)
(31, 58, 4771)
(106, 121, 4772)
(58, 119, 4773)
(21, 97, 4774)
(115, 122, 4775)
(78, 114, 4776)
(68, 76, 4777)
(24, 42, 4778)
(34, 95, 4779)
(0, 83, 4780)
(114, 145, 4781)
(6, 25, 4782)
(147, 149, 4783)
(20, 141, 4784)
(9, 148, 4785)
(29, 73, 4786)
(53, 67, 4787)
(114, 115, 4788)
(123, 131, 4789)
(52, 141, 4790)
(15, 59, 4791)
(56, 72, 4792)
(42, 103, 4793)
(66, 97, 4794)
(66, 144, 4795)
(14, 112, 4796)
(38, 74, 4797)
(8, 9, 4798)
(28, 84, 4799)
(47, 89, 4800)
(88, 102, 4801)
(3, 44, 4802)
(60, 75, 4803)
(46, 146, 4804)
(88, 132, 4805)
(70, 116, 4806)
(93, 141, 4807)
(70, 135, 4808)
(36, 51, 4809)
(79, 127, 4810)
(83, 120, 4811)
(46, 108, 4812)
(16, 79, 4813)
(36, 130, 4814)
(92, 105, 4815)
(96, 108, 4816)
(59, 80, 4817)
(25, 32, 4818)
(48, 94, 4819)
(54, 68, 4820)
(92, 143, 4821)
(1, 72, 4822)
(67, 104, 4823)
(80, 124, 4824)
(63, 77, 4825)
(104, 114, 4826)
(67, 134, 4827)
(104, 129, 4828)
(15, 31, 4829)
(19, 88, 4830)
(38, 148, 4831)
(76, 95, 4832)
(42, 91, 4833)
(66, 69, 4834)
(15, 140, 4835)
(14, 76, 4836)
(71, 101, 4837)
(75, 110, 4838)
(38, 118, 4839)
(4, 34, 4840)
(99, 100, 4841)
(47, 140, 4842)
(84, 135, 4843)
(37, 55, 4844)
(41, 76, 4845)
(61, 145, 4846)
(13, 14, 4847)
(60, 111, 4848)
(23, 85, 4849)
(12, 89, 4850)
(16, 28, 4851)
(73, 93, 4852)
(2, 67, 4853)
(26, 77, 4854)
(12, 40, 4855)
(49, 53, 4856)
(31, 109, 4857)
(72, 146, 4858)
(35, 102, 4859)
(59, 124, 4860)
(25, 60, 4861)
(116, 123, 4862)
(1, 59, 4863)
(48, 122, 4864)
(105, 127, 4865)
(68, 117, 4866)
(1, 84, 4867)
(10, 138, 4868)
(67, 68, 4869)
(30, 88, 4870)
(24, 145, 4871)
(33, 69, 4872)
(87, 142, 4873)
(0, 138, 4874)
(57, 79, 4875)
(39, 107, 4876)
(80, 88, 4877)
(100, 107, 4878)
(63, 97, 4879)
(29, 49, 4880)
(33, 54, 4881)
(5, 56, 4882)
(9, 61, 4883)
(15, 115, 4884)
(42, 63, 4885)
(80, 134, 4886)
(5, 73, 4887)
(8, 114, 4888)
(65, 103, 4889)
(32, 104, 4890)
(99, 128, 4891)
(94, 133, 4892)
(61, 68, 4893)
(88, 94, 4894)
(51, 82, 4895)
(40, 80, 4896)
(97, 129, 4897)
(60, 115, 4898)
(23, 121, 4899)
(26, 143, 4900)
(84, 121, 4901)
(50, 57, 4902)
(26, 62, 4903)
(46, 53, 4904)
(12, 125, 4905)
(97, 99, 4906)
(103, 141, 4907)
(130, 131, 4908)
(25, 111, 4909)
(49, 81, 4910)
(31, 65, 4911)
(72, 142, 4912)
(58, 80, 4913)
(7, 105, 4914)
(78, 134, 4915)
(34, 56, 4916)
(20, 123, 4917)
(77, 118, 4918)
(87, 146, 4919)
(90, 114, 4920)
(53, 110, 4921)
(57, 107, 4922)
(76, 129, 4923)
(5, 139, 4924)
(124, 149, 4925)
(15, 38, 4926)
(5, 28, 4927)
(62, 71, 4928)
(29, 134, 4929)
(19, 144, 4930)
(132, 145, 4931)
(66, 141, 4932)
(27, 139, 4933)
(47, 68, 4934)
(75, 135, 4935)
(61, 104, 4936)
(27, 56, 4937)
(47, 53, 4938)
(112, 128, 4939)
(3, 51, 4940)
(41, 132, 4941)
(50, 74, 4942)
(40, 76, 4943)
(3, 64, 4944)
(73, 132, 4945)
(69, 80, 4946)
(126, 131, 4947)
(36, 111, 4948)
(31, 148, 4949)
(21, 142, 4950)
(25, 75, 4951)
(82, 108, 4952)
(31, 37, 4953)
(35, 62, 4954)
(1, 99, 4955)
(58, 116, 4956)
(78, 115, 4957)
(44, 71, 4958)
(77, 137, 4959)
(24, 43, 4960)
(6, 143, 4961)
(114, 142, 4962)
(147, 148, 4963)
(53, 66, 4964)
(57, 135, 4965)
(15, 58, 4966)
(56, 73, 4967)
(19, 63, 4968)
(62, 99, 4969)
(66, 126, 4970)
(52, 61, 4971)
(28, 38, 4972)
(66, 145, 4973)
(14, 113, 4974)
(113, 138, 4975)
(4, 79, 4976)
(8, 10, 4977)
(32, 144, 4978)
(98, 145, 4979)
(17, 93, 4980)
(61, 140, 4981)
(60, 68, 4982)
(50, 110, 4983)
(74, 120, 4984)
(16, 49, 4985)
(22, 123, 4986)
(79, 126, 4987)
(46, 109, 4988)
(16, 64, 4989)
(102, 132, 4990)
(12, 148, 4991)
(92, 106, 4992)
(96, 109, 4993)
(45, 92, 4994)
(44, 148, 4995)
(48, 95, 4996)
(54, 69, 4997)
(6, 107, 4998)
(67, 107, 4999)
(91, 113, 5000)
