150
(88, 147, 1)
(48, 112, 2)
(80, 139, 3)
(59, 78, 4)
(33, 122, 5)
(45, 111, 6)
(60, 118, 7)
(49, 116, 8)
(41, 137, 9)
(63, 76, 10)
(61, 129, 11)
(13, 17, 12)
(101, 111, 13)
(94, 95, 14)
(33, 41, 15)
(114, 129, 16)
(89, 111, 17)
(34, 35, 18)
(96, 126, 19)
(19, 66, 20)
(73, 144, 21)
(49, 78, 22)
(7, 55, 23)
(24, 104, 24)
(72, 109, 25)
(43, 104, 26)
(83, 122, 27)
(142, 146, 28)
(22, 144, 29)
(29, 140, 30)
(65, 115, 31)
(56, 141, 32)
(62, 80, 33)
(28, 46, 34)
(131, 144, 35)
(146, 148, 36)
(102, 133, 37)
(91, 131, 38)
(139, 141, 39)
(2, 6, 40)
(41, 97, 41)
(40, 76, 42)
(12, 45, 43)
(19, 112, 44)
(68, 111, 45)
(69, 103, 46)
(105, 137, 47)
(43, 119, 48)
(13, 114, 49)
(45, 51, 50)
(119, 132, 51)
(103, 119, 52)
(55, 144, 53)
(30, 143, 54)
(23, 81, 55)
(84, 149, 56)
(96, 142, 57)
(6, 129, 58)
(143, 149, 59)
(117, 130, 60)
(26, 67, 61)
(0, 141, 62)
(67, 117, 63)
(95, 140, 64)
(145, 149, 65)
(71, 94, 66)
(6, 148, 67)
(42, 52, 68)
(66, 108, 69)
(73, 127, 70)
(9, 88, 71)
(43, 57, 72)
(134, 144, 73)
(66, 93, 74)
(14, 112, 75)
(70, 125, 76)
(123, 142, 77)
(52, 85, 78)
(60, 125, 79)
(85, 118, 80)
(14, 50, 81)
(81, 107, 82)
(2, 95, 83)
(76, 135, 84)
(0, 49, 85)
(38, 89, 86)
(1, 73, 87)
(8, 28, 88)
(74, 90, 89)
(52, 110, 90)
(22, 62, 91)
(104, 110, 92)
(125, 135, 93)
(20, 66, 94)
(77, 100, 95)
(22, 69, 96)
(45, 123, 97)
(35, 127, 98)
(33, 83, 99)
(31, 56, 100)
(20, 115, 101)
(135, 138, 102)
(41, 146, 103)
(2, 79, 104)
(121, 131, 105)
(71, 87, 106)
(144, 146, 107)
(37, 125, 108)
(64, 130, 109)
(16, 113, 110)
(6, 73, 111)
(59, 86, 112)
(28, 49, 113)
(24, 28, 114)
(55, 92, 115)
(98, 104, 116)
(39, 134, 117)
(19, 90, 118)
(51, 100, 119)
(99, 107, 120)
(100, 123, 121)
(97, 111, 122)
(17, 84, 123)
(28, 60, 124)
(36, 141, 125)
(129, 147, 126)
(64, 127, 127)
(42, 128, 128)
(9, 56, 129)
(147, 148, 130)
(21, 77, 131)
(17, 110, 132)
(25, 118, 133)
(124, 146, 134)
(127, 134, 135)
(67, 121, 136)
(98, 115, 137)
(14, 144, 138)
(113, 124, 139)
(26, 122, 140)
(106, 145, 141)
(6, 136, 142)
(112, 125, 143)
(36, 113, 144)
(72, 126, 145)
(80, 117, 146)
(138, 148, 147)
(66, 89, 148)
(118, 134, 149)
(39, 60, 150)
(39, 75, 151)
(78, 105, 152)
(126, 141, 153)
(20, 122, 154)
(25, 144, 155)
(10, 37, 156)
(20, 56, 157)
(81, 138, 158)
(82, 145, 159)
(57, 64, 160)
(47, 61, 161)
(91, 106, 162)
(115, 131, 163)
(10, 149, 164)
(37, 53, 165)
(65, 75, 166)
(28, 38, 167)
(46, 92, 168)
(55, 115, 169)
(22, 130, 170)
(25, 127, 171)
(120, 134, 172)
(16, 41, 173)
(116, 126, 174)
(109, 112, 175)
(77, 133, 176)
(111, 124, 177)
(64, 134, 178)
(101, 116, 179)
(19, 47, 180)
(4, 13, 181)
(49, 65, 182)
(49, 86, 183)
(10, 93, 184)
(93, 102, 185)
(112, 114, 186)
(5, 42, 187)
(95, 103, 188)
(73, 129, 189)
(108, 147, 190)
(31, 59, 191)
(87, 131, 192)
(106, 142, 193)
(20, 124, 194)
(32, 95, 195)
(76, 144, 196)
(36, 98, 197)
(11, 50, 198)
(26, 70, 199)
(107, 144, 200)
(28, 69, 201)
(61, 102, 202)
(26, 46, 203)
(72, 98, 204)
(19, 93, 205)
(7, 70, 206)
(75, 122, 207)
(141, 146, 208)
(66, 130, 209)
(62, 103, 210)
(87, 120, 211)
(25, 106, 212)
(133, 137, 213)
(14, 92, 214)
(12, 116, 215)
(86, 108, 216)
(53, 60, 217)
(50, 142, 218)
(4, 111, 219)
(29, 128, 220)
(71, 146, 221)
(136, 137, 222)
(34, 77, 223)
(76, 95, 224)
(63, 119, 225)
(30, 37, 226)
(19, 77, 227)
(122, 135, 228)
(3, 48, 229)
(4, 117, 230)
(23, 45, 231)
(47, 137, 232)
(44, 74, 233)
(4, 75, 234)
(118, 138, 235)
(77, 118, 236)
(41, 109, 237)
(18, 34, 238)
(41, 98, 239)
(110, 147, 240)
(148, 149, 241)
(17, 63, 242)
(38, 99, 243)
(89, 90, 244)
(86, 105, 245)
(3, 41, 246)
(128, 139, 247)
(137, 145, 248)
(32, 138, 249)
(105, 107, 250)
(104, 145, 251)
(46, 93, 252)
(11, 141, 253)
(56, 137, 254)
(115, 117, 255)
(32, 96, 256)
(0, 117, 257)
(11, 37, 258)
(17, 138, 259)
(26, 87, 260)
(15, 126, 261)
(16, 99, 262)
(54, 86, 263)
(128, 146, 264)
(12, 115, 265)
(5, 114, 266)
(89, 102, 267)
(140, 146, 268)
(92, 111, 269)
(42, 56, 270)
(67, 114, 271)
(21, 63, 272)
(51, 118, 273)
(25, 34, 274)
(63, 99, 275)
(22, 97, 276)
(37, 66, 277)
(58, 140, 278)
(125, 133, 279)
(21, 110, 280)
(86, 148, 281)
(37, 95, 282)
(27, 84, 283)
(79, 109, 284)
(123, 143, 285)
(130, 149, 286)
(44, 76, 287)
(132, 145, 288)
(5, 120, 289)
(6, 126, 290)
(30, 139, 291)
(121, 140, 292)
(18, 80, 293)
(13, 27, 294)
(139, 148, 295)
(63, 87, 296)
(85, 140, 297)
(90, 140, 298)
(105, 108, 299)
(43, 109, 300)
